10.325812339782715
5.498776435852051
5.370759010314941
3.9217305183410645
3.1854004859924316
3.3697729110717773
2.8928933143615723
2.879385471343994
2.9083003997802734
2.793060779571533
2.546686887741089
2.791416645050049
2.685870409011841
2.6955411434173584
2.9853851795196533
2.4938008785247803
2.369678258895874
2.2924368381500244
2.668490409851074
2.354156017303467
2.260119676589966
2.1309826374053955
2.147310733795166
2.2114293575286865
2.0359585285186768
2.2605953216552734
2.264340877532959
1.997582197189331
2.257373571395874
1.8624992370605469
2.1271870136260986
1.9103868007659912
1.9559012651443481
1.9221384525299072
1.939072847366333
1.975866436958313
1.4622770547866821
1.8600478172302246
1.3840714693069458
1.8613790273666382
1.6858837604522705
1.550126314163208
1.6961385011672974
1.7693300247192383
1.71485435962677
1.6933661699295044
1.6801530122756958
1.4150879383087158
1.632487177848816
1.4221185445785522
1.538252592086792
1.5140659809112549
1.6043998003005981
1.670436143875122
1.0228047370910645
1.4742560386657715
1.291504979133606
1.1694451570510864
1.3306080102920532
1.0528037548065186
1.434731125831604
1.1292541027069092
1.371943712234497
1.3424493074417114
1.1843903064727783
1.0330607891082764
1.3891304731369019
1.1977452039718628
1.3293967247009277
1.4418482780456543
1.0059294700622559
0.8073965907096863
1.423954725265503
1.1839637756347656
1.268776297569275
1.3830342292785645
1.3266385793685913
1.0821142196655273
1.1797314882278442
1.1435765027999878
0.9508036375045776
1.03095281124115
1.0918326377868652
0.9814271330833435
0.9099747538566589
1.5804290771484375
0.8065096139907837
0.898078203201294
1.0823873281478882
0.936470627784729
1.0960437059402466
0.9628425240516663
1.02777898311615
1.0139648914337158
1.1206611394882202
0.9138944745063782
1.0817769765853882
1.260775089263916
0.9478959441184998
1.188299298286438
1.2602782249450684
1.089643120765686
1.2077202796936035
1.0709044933319092
1.0919729471206665
0.7748392820358276
1.341550350189209
1.1226545572280884
0.8908878564834595
0.9838889837265015
0.9672682881355286
0.9479506611824036
1.0118118524551392
1.0625284910202026
1.069109320640564
0.9511796832084656
1.0931589603424072
0.8465757369995117
0.9972905516624451
1.2454322576522827
1.0796425342559814
1.0563256740570068
1.310178279876709
1.336137056350708
1.0338069200515747
0.891906201839447
0.9493406414985657
1.2874113321304321
1.0342949628829956
1.0700044631958008
0.9462034106254578
0.897501528263092
0.9556324481964111
0.9102783203125
1.1114894151687622
1.0687586069107056
1.0254017114639282
1.2234857082366943
0.8424202799797058
0.7639490365982056
0.9357196092605591
0.8656259179115295
1.0118354558944702
0.7620744109153748
1.1011508703231812
0.9973769187927246
0.9704416990280151
0.9067676067352295
1.0970031023025513
0.7656493186950684
1.0113695859909058
0.7518802881240845
0.787156343460083
0.812774121761322
0.7980374693870544
0.9801571369171143
0.953814685344696
0.7638689875602722
0.7206901907920837
0.7355539798736572
0.8824494481086731
0.8356952667236328
0.8413749933242798
0.8877862691879272
0.7362870573997498
1.082759141921997
0.8210836052894592
0.6284786462783813
0.7746233940124512
0.8164936304092407
0.7840694189071655
0.6481175422668457
1.0144764184951782
0.8493633270263672
0.722877025604248
0.7269299626350403
0.8914283514022827
0.740372896194458
0.7312336564064026
0.8282216191291809
0.5564548969268799
0.7989600300788879
0.7970840334892273
0.8213615417480469
1.0140851736068726
0.6384868621826172
1.084498405456543
0.7201609015464783
0.7640225291252136
0.974129855632782
0.6799952983856201
0.7347176671028137
0.6926100254058838
0.6254873275756836
0.6995563507080078
0.874984622001648
0.6619201898574829
0.75432950258255
1.2217228412628174
0.6261866092681885
0.7177222967147827
0.7767187356948853
0.7540394067764282
0.7241224050521851
0.6520671248435974
0.7260255813598633
0.743929922580719
0.765890896320343
0.7184503674507141
0.8254141807556152
0.8704029321670532
0.7334054708480835
0.5695466995239258
0.7173256278038025
0.6773593425750732
0.7056546807289124
0.5747798085212708
0.8314276337623596
0.8187552094459534
0.802057683467865
0.8652694821357727
0.5905650854110718
0.584422767162323
0.5979616641998291
0.6821211576461792
0.48590022325515747
0.6907482147216797
0.7024223804473877
0.6725770831108093
0.6571866273880005
0.572727382183075
0.6016146540641785
0.6799497604370117
0.5437854528427124
0.5838100910186768
0.8071651458740234
0.5314304232597351
0.44653260707855225
0.6194404363632202
0.9935203790664673
0.7945071458816528
0.6403594017028809
0.504564642906189
0.528962254524231
0.38796716928482056
0.6780102252960205
0.7909947037696838
0.6436921954154968
0.6621463894844055
0.5846989154815674
0.7537171244621277
0.7103483080863953
0.44346141815185547
0.5191382765769958
0.8233510255813599
0.6034680008888245
0.6718442440032959
0.5406354069709778
0.7768528461456299
0.737723171710968
0.5367442965507507
0.5749183297157288
0.6014589667320251
0.44097578525543213
0.6968618035316467
0.5727580785751343
0.8216683864593506
0.5169766545295715
0.6799366474151611
0.4500967264175415
0.7560772895812988
0.5512567162513733
0.5540593862533569
0.6265170574188232
0.5646199584007263
0.6320643424987793
0.4432877004146576
0.8657470941543579
0.6792791485786438
0.6320643424987793
1.0347468852996826
0.637511134147644
0.7211286425590515
0.6303860545158386
0.5370782613754272
0.7696573138237
0.7130377292633057
0.583312451839447
0.5816764235496521
0.5648889541625977
0.5461087226867676
0.623621940612793
0.6186187863349915
0.600926399230957
0.6190194487571716
0.47525283694267273
0.580077588558197
0.5383852124214172
0.8794650435447693
0.5926717519760132
0.564980685710907
0.6831724047660828
0.6471876502037048
0.7328610420227051
0.7511586546897888
0.6929673552513123
0.4960014820098877
0.5707502365112305
0.5706937313079834
0.5067086219787598
0.6709272861480713
0.5112570524215698
0.7008935809135437
0.5755788683891296
0.550886869430542
0.37534764409065247
0.5773119926452637
0.5827318429946899
0.6067919731140137
0.6994041204452515
0.5845542550086975
0.6129244565963745
0.7556937336921692
0.6681541800498962
0.45179301500320435
0.48188552260398865
0.6006190776824951
0.4787655770778656
0.4774247705936432
0.6000766754150391
0.421667218208313
0.5461187958717346
0.42981454730033875
0.5775467157363892
0.500282883644104
0.7260054349899292
0.7170895934104919
0.5135069489479065
0.6975804567337036
0.7181466817855835
0.5976300239562988
1.1152695417404175
0.4155609905719757
0.4545908570289612
0.6944908499717712
0.5698708295822144
0.5817279815673828
0.46441787481307983
0.5459879636764526
0.5689244866371155
0.6398019194602966
0.5644592046737671
0.7546236515045166
0.4758412539958954
0.5407457947731018
0.43925240635871887
0.487575888633728
0.5326512455940247
0.5217221975326538
0.705606997013092
0.5527113676071167
0.6542559266090393
0.5486167073249817
0.5949884057044983
0.78643798828125
0.47530919313430786
0.5134463906288147
0.47110164165496826
0.6039599776268005
0.450179785490036
0.5118197798728943
0.4573211669921875
0.4742788076400757
0.3998202383518219
0.43130406737327576
0.4935127794742584
0.5153535604476929
0.4915919005870819
0.4111018776893616
0.3681178689002991
0.849639892578125
0.4628147482872009
0.31497785449028015
0.5914943218231201
0.39722707867622375
0.4734349548816681
0.4477293789386749
0.4413125216960907
0.36693286895751953
0.6951392292976379
0.46857789158821106
0.3862033486366272
0.3544995188713074
0.5613262057304382
0.353534996509552
0.39199498295783997
0.3967519998550415
0.5071069598197937
0.39383432269096375
0.4588087499141693
0.6697493195533752
0.4939109683036804
0.44112253189086914
0.4964483082294464
0.5731741786003113
0.5617691278457642
0.5173311829566956
0.3415054976940155
0.5187276005744934
0.5864267945289612
0.5429248213768005
0.5825002193450928
0.7463362216949463
0.6930634379386902
0.9277181029319763
0.6259720921516418
0.5371854901313782
0.6233002543449402
0.5983263254165649
0.6893549561500549
0.49865782260894775
0.4430917799472809
0.5672945380210876
0.6145545244216919
0.4459317922592163
0.561988115310669
0.43398579955101013
0.4498494565486908
0.5568572878837585
0.5340862274169922
0.4401375949382782
0.5213702321052551
0.551618754863739
0.4215755760669708
0.5427660346031189
0.5255749225616455
0.3253270983695984
0.5285948514938354
0.48416006565093994
0.28380346298217773
0.5457651019096375
0.5192012786865234
0.473778635263443
0.4855002760887146
0.4268345236778259
0.31216302514076233
0.47145402431488037
0.3458627462387085
0.4484933614730835
0.5259986519813538
0.41197630763053894
0.43537333607673645
0.31985580921173096
0.6151800155639648
0.3967631459236145
0.4691663682460785
0.4481968581676483
0.49341368675231934
0.4563504159450531
0.5053442120552063
0.5902130007743835
0.3770062327384949
0.5291274785995483
0.9458979368209839
0.6305683851242065
0.38045451045036316
0.32381871342658997
0.3316788077354431
0.43218281865119934
0.364991158246994
0.47123444080352783
0.3226291835308075
0.36445221304893494
0.4637179672718048
0.6610563397407532
0.35892975330352783
0.40699872374534607
0.5238820314407349
0.4205724596977234
0.4805533289909363
0.488474577665329
0.5074116587638855
0.6910274028778076
0.39524826407432556
0.6410490870475769
0.2555955648422241
0.5368789434432983
0.42594316601753235
0.2640443742275238
0.4666413962841034
0.49930205941200256
0.5742139220237732
0.5336926579475403
0.43047937750816345
0.38703653216362
0.504174530506134
0.5756779313087463
0.7830706834793091
0.4977651834487915
0.44471368193626404
0.42358648777008057
0.450950562953949
0.37485888600349426
0.5939190983772278
0.37501007318496704
0.4112413227558136
0.3843817114830017
0.5093625783920288
0.5967258214950562
0.44359302520751953
0.35891449451446533
0.48275792598724365
0.3640865087509155
0.41865256428718567
0.5557147264480591
0.5348461270332336
0.5219933986663818
0.3124147355556488
0.3365840017795563
0.3796064257621765
0.41624507308006287
0.3895294666290283
0.4518434703350067
0.534816563129425
0.4150659143924713
0.4489932358264923
0.6088853478431702
0.40162336826324463
0.3684808313846588
0.566476047039032
0.3244542181491852
0.4915710389614105
0.31579849123954773
0.4471793472766876
0.3578249514102936
0.31588008999824524
0.4570534825325012
0.3917679786682129
0.3725721836090088
0.5643580555915833
0.4341506361961365
0.2509874701499939
0.47328993678092957
0.3878025412559509
0.4970630407333374
0.5968011617660522
0.515562891960144
0.3673756420612335
0.2994641065597534
0.4844282567501068
0.586277961730957
0.34514573216438293
0.40813177824020386
0.2990912199020386
0.35733333230018616
0.3831649124622345
0.3363477289676666
0.2951473593711853
0.34749385714530945
0.4782896041870117
0.3724633455276489
0.3497132360935211
0.2500188946723938
0.4726767838001251
0.5085090398788452
0.3945094347000122
0.488729864358902
0.27115413546562195
0.5007212162017822
0.42877915501594543
0.4503703713417053
0.5391488671302795
0.45131850242614746
0.3415713608264923
0.48114898800849915
0.35719725489616394
0.514121413230896
0.3922668397426605
0.4124927818775177
0.4314538538455963
0.6573084592819214
0.3225056827068329
0.5819941759109497
0.48116806149482727
0.4289485812187195
0.473785400390625
0.27974051237106323
0.5676616430282593
0.39305445551872253
0.4401402175426483
0.3426390588283539
0.457777202129364
0.3567596971988678
0.3784334659576416
0.34415289759635925
0.3975096642971039
0.3807511031627655
0.3542327284812927
0.3586558401584625
0.48968052864074707
0.7273807525634766
0.263841450214386
0.3277168273925781
0.3589877784252167
0.31821027398109436
0.38845294713974
0.40588024258613586
0.43873071670532227
0.37396639585494995
0.7960941195487976
0.44957926869392395
0.3878270089626312
0.5174978375434875
0.3100043833255768
0.3738722801208496
0.2775050699710846
0.2771165072917938
0.40432503819465637
0.3414551317691803
0.37294748425483704
0.40978512167930603
0.5958234071731567
0.32577523589134216
0.507337212562561
0.5110471844673157
0.5303170680999756
0.41543105244636536
0.37072741985321045
0.4166659414768219
0.4369656443595886
0.37226080894470215
0.26873183250427246
0.2967427968978882
0.2657317519187927
0.4895872473716736
0.4738287329673767
0.39402568340301514
0.5435934066772461
0.7719436883926392
0.39112818241119385
0.4175495207309723
0.2339451164007187
0.45095905661582947
0.34611281752586365
0.46595633029937744
0.27446824312210083
0.2804657220840454
0.2181742787361145
0.35733312368392944
0.44196879863739014
0.5074833631515503
0.3992938697338104
0.5245579481124878
0.5747129917144775
0.3821958005428314
0.3753228187561035
0.2864418625831604
0.4043835401535034
0.30439648032188416
0.5019466876983643
0.33489421010017395
0.3560182750225067
0.28192412853240967
0.34815695881843567
0.45959895849227905
0.3298105001449585
0.3111961781978607
0.5296242833137512
0.1738327592611313
0.4217855632305145
0.293510764837265
0.3032602369785309
0.26354503631591797
0.23159286379814148
0.31935104727745056
0.29969844222068787
0.3339330554008484
0.5567049980163574
0.47387242317199707
0.3333595395088196
0.20630502700805664
0.24071307480335236
0.4404377341270447
0.33401283621788025
0.3206988573074341
0.2915537655353546
0.3040964901447296
0.6060951352119446
0.309858500957489
0.3840319514274597
0.3879278004169464
0.4334103465080261
0.3754623830318451
0.366230309009552
0.3066955506801605
0.4386734664440155
0.4175938367843628
0.24758151173591614
0.2341543585062027
0.38802415132522583
0.4666649401187897
0.45245420932769775
0.40729087591171265
0.5354955792427063
0.38041257858276367
0.622130274772644
0.3139423727989197
0.43500885367393494
0.42999714612960815
0.41078126430511475
0.3054119050502777
0.47817620635032654
0.30853861570358276
0.31375831365585327
0.46825796365737915
0.3563195765018463
0.3240998685359955
0.3208254277706146
0.3750562071800232
0.3589119017124176
0.3755551278591156
0.38371512293815613
0.31137701869010925
0.40775400400161743
0.37232959270477295
0.4852440357208252
0.36154648661613464
0.4293869137763977
0.2624399960041046
0.214223712682724
0.3516809642314911
0.33242562413215637
0.24740925431251526
0.379670113325119
0.326324999332428
0.42526891827583313
0.32859593629837036
0.2933328151702881
0.16251657903194427
0.28940677642822266
0.2804909944534302
0.3257475197315216
0.25633469223976135
0.20995782315731049
0.4573233425617218
0.27712130546569824
0.2316470891237259
0.37711524963378906
0.26813653111457825
0.25843504071235657
0.27530261874198914
0.33015549182891846
0.28537216782569885
0.3442043960094452
0.4187106192111969
0.30169621109962463
0.40138721466064453
0.24263674020767212
0.38809457421302795
0.2979491055011749
0.2976831793785095
0.19855140149593353
0.38201871514320374
0.322291761636734
0.4016299843788147
0.19292625784873962
0.3206356167793274
0.36832720041275024
0.3150264024734497
0.24768415093421936
0.3966841697692871
0.47575587034225464
0.6594406366348267
0.3460729718208313
0.3120529055595398
0.34925156831741333
0.3681618273258209
0.38842177391052246
0.30224940180778503
0.6113868355751038
0.42074108123779297
0.21612943708896637
0.4931561350822449
0.36256229877471924
0.39599722623825073
0.2822854816913605
0.33468684554100037
0.2993869483470917
0.2830697000026703
0.2689507007598877
0.35439541935920715
0.24036888778209686
0.2582505941390991
0.28029724955558777
0.22832021117210388
0.24258384108543396
0.3419203460216522
0.36041006445884705
0.34875816106796265
0.4104445278644562
0.33999887108802795
0.3964187204837799
0.28710249066352844
0.37183070182800293
0.3982854187488556
0.23884308338165283
0.5047629475593567
0.4393579661846161
0.277504563331604
0.3298918604850769
0.35871005058288574
0.36904776096343994
0.3492741882801056
0.37570467591285706
0.3943643569946289
0.31949537992477417
0.26407960057258606
0.30881473422050476
0.4092978239059448
0.40541523694992065
0.27061834931373596
0.42572373151779175
0.41164499521255493
0.4247317910194397
0.36659911274909973
0.20370808243751526
0.3302009701728821
0.48078033328056335
0.22240696847438812
0.41725683212280273
0.2069220244884491
0.40520375967025757
0.21886058151721954
0.3685466945171356
0.32960426807403564
0.3059616684913635
0.5171264410018921
0.4052019715309143
0.27084243297576904
0.25863489508628845
0.5358753204345703
0.25098931789398193
0.2975090444087982
0.44926518201828003
0.23872561752796173
0.41946157813072205
0.28802964091300964
0.20357267558574677
0.30953341722488403
0.24347525835037231
0.5260968804359436
0.5010634064674377
0.2953897714614868
0.3890519142150879
0.3109177350997925
0.399434357881546
0.39286985993385315
0.47736409306526184
0.32403430342674255
0.3611217141151428
0.3115207254886627
0.16094984114170074
0.244418203830719
0.4033108055591583
0.376054972410202
0.462143212556839
0.321553498506546
0.15642036497592926
0.2993503510951996
0.2890540659427643
0.37938058376312256
0.2524133026599884
0.35898616909980774
0.19194823503494263
0.2843776047229767
0.33775073289871216
0.3394322097301483
0.24608075618743896
0.3873317241668701
0.23001083731651306
0.25067397952079773
0.2567348778247833
0.22685359418392181
0.32406115531921387
0.3741306960582733
0.318846195936203
0.17688068747520447
0.2821047604084015
0.372223824262619
0.33485695719718933
0.31753653287887573
0.25413021445274353
0.49086007475852966
0.29075202345848083
0.1820516437292099
0.3325447738170624
0.3601507842540741
0.29814934730529785
0.18077880144119263
0.3379812240600586
0.3606465458869934
0.2834261953830719
0.6817313432693481
0.39826908707618713
0.30023717880249023
0.28380095958709717
0.29243186116218567
0.38013359904289246
0.3251994252204895
0.25197097659111023
0.20425136387348175
0.2820037007331848
0.2410258799791336
0.387612909078598
0.43649399280548096
0.31664934754371643
0.5362303853034973
0.35291361808776855
0.25786685943603516
0.370035856962204
0.3885238766670227
0.41679391264915466
0.2738306224346161
0.28422272205352783
0.39610394835472107
0.29038727283477783
0.4207727015018463
0.3582254946231842
0.3970543444156647
0.45971012115478516
0.26477110385894775
0.3989524841308594
0.4332338869571686
0.37196335196495056
0.3383590579032898
0.4542804956436157
0.381346732378006
0.3982747197151184
0.4764580726623535
0.48245254158973694
0.31139275431632996
0.359088271856308
0.4820180833339691
0.2505545914173126
0.4645189344882965
0.47037866711616516
0.36539697647094727
0.27112269401550293
0.30319780111312866
0.20826101303100586
0.26896363496780396
0.2738488018512726
0.35981467366218567
0.2892756760120392
0.3521241247653961
0.30243057012557983
0.24207313358783722
0.3464653789997101
0.3063426613807678
0.3221794068813324
0.27916258573532104
0.35497936606407166
0.3184380531311035
0.2988379895687103
0.3323041498661041
0.18785153329372406
0.3186826705932617
0.4372294247150421
0.23608021438121796
0.3499246835708618
0.24449056386947632
0.258201539516449
0.3027630150318146
0.31080591678619385
0.3637262284755707
0.24872273206710815
0.2953037619590759
0.68793123960495
0.3345596194267273
0.41405704617500305
0.33704712986946106
0.21858075261116028
0.3534434139728546
0.19530797004699707
0.3228393793106079
0.32525619864463806
0.28108638525009155
0.2804340422153473
0.3589477241039276
0.23349308967590332
0.2113201916217804
0.4469064474105835
0.2707119882106781
0.28049394488334656
0.35713690519332886
0.36344099044799805
0.23786839842796326
0.16337336599826813
0.3173261880874634
0.27316105365753174
0.362618088722229
0.3028116822242737
0.27779534459114075
0.2404661625623703
0.4740099012851715
0.29708725214004517
0.3560526669025421
0.20982466638088226
0.2818533480167389
0.5020636916160583
0.30566975474357605
0.3509211838245392
0.3233630955219269
0.2869105637073517
0.1584712415933609
0.22544075548648834
0.24992981553077698
0.3626362383365631
0.21375523507595062
0.2832089960575104
0.29131466150283813
0.18538795411586761
0.3214792311191559
0.2927706241607666
0.33829858899116516
0.276537150144577
0.28312477469444275
0.33616989850997925
0.36055973172187805
0.30272936820983887
0.4000897705554962
0.25330275297164917
0.43061697483062744
0.31261128187179565
0.305315226316452
0.2349248230457306
0.39722374081611633
0.38232553005218506
0.3913620412349701
0.1618194282054901
0.2867727279663086
0.23973111808300018
0.40604546666145325
0.25737836956977844
0.3411203920841217
0.2134232074022293
0.2606813609600067
0.3451490104198456
0.2764175236225128
0.2603607475757599
0.22506101429462433
0.3859671950340271
0.3519704043865204
0.14226101338863373
0.34650155901908875
0.2646894156932831
0.5175803899765015
0.31133919954299927
0.23339584469795227
0.2904128432273865
0.34867358207702637
0.2544344365596771
0.33495670557022095
0.45485296845436096
0.17553934454917908
0.3059804141521454
0.4056573808193207
0.24599190056324005
0.2712864279747009
0.28667181730270386
0.1949743628501892
0.33571872115135193
0.2700307071208954
0.22729603946208954
0.16585493087768555
0.28119927644729614
0.20174936950206757
0.24734580516815186
0.38001567125320435
0.3167342245578766
0.41114845871925354
0.2132657915353775
0.4167483448982239
0.25186216831207275
0.2136194407939911
0.2591111660003662
0.29997512698173523
0.25236624479293823
0.3029971420764923
0.3679780960083008
0.2372119128704071
0.22454266250133514
0.22635012865066528
0.4005400836467743
0.32801398634910583
0.41813820600509644
0.24074134230613708
0.20970280468463898
0.2953571081161499
0.4956842064857483
0.3412398397922516
0.3596051335334778
0.27066221833229065
0.23189792037010193
0.28864458203315735
0.492657870054245
0.4154002368450165
0.6129673719406128
0.5442533493041992
0.23410005867481232
0.4044133126735687
0.23870453238487244
0.36155620217323303
0.37415435910224915
0.359017550945282
0.47485238313674927
0.2723618745803833
0.2918299436569214
0.2608657777309418
0.3091111481189728
0.23377342522144318
0.4288163185119629
0.32982370257377625
0.16843950748443604
0.2506147027015686
0.2012910395860672
0.309332937002182
0.23703956604003906
0.2591652274131775
0.3100276291370392
0.2889816164970398
0.32746511697769165
0.33819884061813354
0.2430378794670105
0.2754896581172943
0.27733391523361206
0.5722330808639526
0.43291136622428894
0.20435388386249542
0.2656177282333374
0.29300668835639954
0.21239186823368073
0.24676071107387543
0.4577375650405884
0.22517690062522888
0.24652869999408722
0.2612246870994568
0.18400347232818604
0.2456303983926773
0.2981117367744446
0.3035695254802704
0.27292925119400024
0.30582883954048157
0.32414308190345764
0.2794410288333893
0.30631616711616516
0.19510485231876373
0.1825769990682602
0.25888606905937195
0.28100213408470154
0.25303637981414795
0.23100438714027405
0.27558866143226624
0.46526551246643066
0.29033443331718445
0.3116723299026489
0.22949686646461487
0.19462749361991882
0.20289646089076996
0.258695513010025
0.3948492109775543
0.19216591119766235
0.2534114420413971
0.287022203207016
0.2282683551311493
0.2174571454524994
0.39772433042526245
0.3131747543811798
0.272428959608078
0.2812301218509674
0.23650960624217987
0.36921802163124084
0.40535882115364075
0.1956266462802887
0.16674132645130157
0.166349858045578
0.24031206965446472
0.5272494554519653
0.24750961363315582
0.26525816321372986
0.29912084341049194
0.2348361760377884
0.29974424839019775
0.2438502311706543
0.20990219712257385
0.23178762197494507
0.410092830657959
0.25987425446510315
0.24198085069656372
0.19644437730312347
0.2658918499946594
0.19679154455661774
0.360350102186203
0.31208306550979614
0.34323909878730774
0.23159627616405487
0.19264189898967743
0.25448495149612427
0.3692098557949066
0.3484811782836914
0.2591874599456787
0.3851194679737091
0.23554687201976776
0.22418414056301117
0.35835129022598267
0.2984902262687683
0.18579018115997314
0.1798088401556015
0.2624472975730896
0.2897772490978241
0.27155083417892456
0.3166098892688751
0.23056714236736298
0.42834293842315674
0.28801867365837097
0.32848021388053894
0.43351277709007263
0.3427775800228119
0.41675883531570435
0.18924079835414886
0.2810557782649994
0.2973775267601013
0.3008700907230377
0.3251771628856659
0.25674864649772644
0.2784751355648041
0.26495665311813354
0.42424196004867554
0.32329756021499634
0.2617909908294678
0.20194384455680847
0.3348865509033203
0.3379024565219879
0.37098100781440735
0.24847877025604248
0.17497260868549347
0.2838580012321472
0.2989724576473236
0.34213486313819885
0.21589864790439606
0.29847899079322815
0.16902776062488556
0.3061122000217438
0.47097426652908325
0.356516569852829
0.40455740690231323
0.27288609743118286
0.38054144382476807
0.14141632616519928
0.28410646319389343
0.3043941557407379
0.24333308637142181
0.41341155767440796
0.2869552671909332
0.33229848742485046
0.29381534457206726
0.2148139923810959
0.2130308300256729
0.29749637842178345
0.30643168091773987
0.23702499270439148
0.21943506598472595
0.25471699237823486
0.2460523545742035
0.24816517531871796
0.23934227228164673
0.23106838762760162
0.21634511649608612
0.1509227603673935
0.19170862436294556
0.3601377010345459
0.3312757909297943
0.3633273243904114
0.20966990292072296
0.22331435978412628
0.23295848071575165
0.22256873548030853
0.30096107721328735
0.23796696960926056
0.15366116166114807
0.5778218507766724
0.16714783012866974
0.1860964149236679
0.3234871029853821
0.3063708245754242
0.24787592887878418
0.290220707654953
0.3810112774372101
0.33525386452674866
0.290748655796051
0.43295496702194214
0.30213069915771484
0.22963787615299225
0.279560923576355
0.1465969830751419
0.2489926666021347
0.47693461179733276
0.25533825159072876
0.42607858777046204
0.2773750424385071
0.2452474683523178
0.24654731154441833
0.4251158833503723
0.30878210067749023
0.32664820551872253
0.196666419506073
0.3275751769542694
0.2420220971107483
0.2834952175617218
0.29783210158348083
0.299032986164093
0.264626681804657
0.40465083718299866
0.12518815696239471
0.3488798141479492
0.3570522964000702
0.2383020967245102
0.33687999844551086
0.24199889600276947
0.23328982293605804
0.3060494363307953
0.25013065338134766
0.29070499539375305
0.2952362596988678
0.27123966813087463
0.2110881805419922
0.236208975315094
0.3210451602935791
0.2604062259197235
0.38319632411003113
0.22313232719898224
0.2486845701932907
0.5158327221870422
0.23450249433517456
0.5690284967422485
0.3240365982055664
0.3731580674648285
0.334451287984848
0.2893514335155487
0.23885218799114227
0.24841520190238953
0.2282700389623642
0.1891636997461319
0.30198934674263
0.24896585941314697
0.27970707416534424
0.22928987443447113
0.23368097841739655
0.1979498565196991
0.3046329617500305
0.3676978647708893
0.21139079332351685
0.2235107421875
0.15986083447933197
0.2776232957839966
0.2318863868713379
0.2425483763217926
0.29201748967170715
0.2837786078453064
0.2711891233921051
0.26999029517173767
0.29419901967048645
0.3309266269207001
0.3656347095966339
0.21263083815574646
0.15217170119285583
0.29846590757369995
0.2912599444389343
0.41369888186454773
0.20504534244537354
0.3149837553501129
0.18775086104869843
0.19027860462665558
0.1969926506280899
0.24505198001861572
0.3107456862926483
0.368177592754364
0.23482859134674072
0.301132470369339
0.2016705870628357
0.3755285143852234
0.18121932446956635
0.22606219351291656
0.25278037786483765
0.2714073061943054
0.4042591452598572
0.43291112780570984
0.219886913895607
0.2718779444694519
0.3279750645160675
0.23956464231014252
0.32173097133636475
0.25711941719055176
0.29171839356422424
0.27746400237083435
0.22046604752540588
0.2252863496541977
0.238027423620224
0.230228453874588
0.174686461687088
0.2976953685283661
0.31048130989074707
0.3402610421180725
0.27266475558280945
0.22310520708560944
0.2837606966495514
0.19583463668823242
0.21729466319084167
0.3909985423088074
0.28558167815208435
0.33221542835235596
0.17377476394176483
0.1660100817680359
0.28833362460136414
0.31680768728256226
0.3220010995864868
0.21969442069530487
0.4059028625488281
0.14737576246261597
0.19236169755458832
0.30517542362213135
0.31217053532600403
0.23839208483695984
0.40723904967308044
0.30422699451446533
0.3044595420360565
0.3127863109111786
0.23527193069458008
0.30025213956832886
0.2848261892795563
0.22733113169670105
0.31252995133399963
0.256488174200058
0.30576568841934204
0.2825884222984314
0.16444279253482819
0.2905580401420593
0.21247819066047668
0.27257511019706726
0.4438571035861969
0.27183395624160767
0.2714896500110626
0.3575950562953949
0.2256336510181427
0.17796646058559418
0.20017148554325104
0.17298805713653564
0.16264571249485016
0.2841107249259949
0.25104859471321106
0.2726421058177948
0.38564109802246094
0.21613357961177826
0.21044665575027466
0.10979515314102173
0.30574122071266174
0.1934022307395935
0.25786855816841125
0.24539896845817566
0.2630647122859955
0.22326083481311798
0.19837221503257751
0.5245107412338257
0.3788506090641022
0.29284143447875977
0.24355992674827576
0.3125263750553131
0.27358847856521606
0.3156239092350006
0.3046870231628418
0.3510081171989441
0.15451830625534058
0.5134222507476807
0.25786712765693665
0.4235183000564575
0.20291072130203247
0.3520934581756592
0.3363717794418335
0.46154430508613586
0.29797065258026123
0.21700891852378845
0.22548909485340118
0.2517126500606537
0.3453715443611145
0.19555191695690155
0.23577402532100677
0.2540397644042969
0.40673914551734924
0.24058952927589417
0.2273578941822052
