10.325812339782715
5.498776435852051
5.370759010314941
3.9217305183410645
3.1854004859924316
3.3697729110717773
2.8928933143615723
2.879385471343994
2.9083003997802734
2.793060779571533
2.546686887741089
2.791416645050049
2.685870409011841
2.6955411434173584
2.9853851795196533
2.4938008785247803
2.369678258895874
2.2924368381500244
2.668490409851074
2.354156017303467
2.260119676589966
2.1309826374053955
2.147310733795166
2.2114293575286865
2.0359585285186768
2.2605953216552734
2.264340877532959
1.997582197189331
2.257373571395874
1.8624992370605469
2.1271870136260986
1.9103868007659912
1.9559012651443481
1.9221384525299072
1.939072847366333
1.975866436958313
1.4622770547866821
1.8600478172302246
1.3840714693069458
1.8613790273666382
1.6858837604522705
1.550126314163208
1.6961385011672974
1.7693300247192383
1.71485435962677
1.6933661699295044
1.6801530122756958
1.4150879383087158
1.632487177848816
1.4221185445785522
1.538252592086792
1.5140659809112549
1.6043998003005981
1.670436143875122
1.0228047370910645
1.4742560386657715
1.291504979133606
1.1694451570510864
1.3306080102920532
1.0528037548065186
1.434731125831604
1.1292541027069092
1.371943712234497
1.3424493074417114
1.1843903064727783
1.0330607891082764
1.3891304731369019
1.1977452039718628
1.3293967247009277
1.4418482780456543
1.0059294700622559
0.8073965907096863
1.423954725265503
1.1839637756347656
1.268776297569275
1.3830342292785645
1.3266385793685913
1.0821142196655273
1.1797314882278442
1.1435765027999878
0.9508036375045776
1.03095281124115
1.0918326377868652
0.9814271330833435
0.9099747538566589
1.5804290771484375
0.8065096139907837
0.898078203201294
1.0823873281478882
0.936470627784729
1.0960437059402466
0.9628425240516663
1.02777898311615
1.0139648914337158
1.1206611394882202
0.9138944745063782
1.0817769765853882
1.260775089263916
0.9478959441184998
1.188299298286438
1.2492154836654663
1.0245447158813477
0.8672112822532654
0.9516129493713379
0.7480127215385437
0.7424276471138
1.1780506372451782
0.958117663860321
1.0634595155715942
0.713539719581604
1.0476889610290527
0.9096869826316833
1.043910026550293
1.0695489645004272
1.085691213607788
0.7476924657821655
1.2169015407562256
0.8602373003959656
0.949679434299469
0.8980801105499268
0.7885748147964478
0.8100845217704773
1.0969940423965454
1.033564567565918
0.9445831179618835
0.8585379123687744
0.620176374912262
1.2448338270187378
0.7961727976799011
1.0257697105407715
1.0379552841186523
0.7058512568473816
1.214384913444519
0.7993077635765076
0.7782274484634399
1.0680720806121826
0.966143012046814
0.9572113156318665
0.8743066191673279
0.6954947113990784
0.6948797702789307
0.971367597579956
0.7145375609397888
0.9286820292472839
1.053830623626709
0.7652752995491028
1.151522159576416
1.028430700302124
1.0326625108718872
0.9207161664962769
0.9091251492500305
0.8996831178665161
1.1302367448806763
0.6499114632606506
0.7563320398330688
0.7909577488899231
0.889336347579956
0.8719608783721924
0.8154722452163696
0.8336564302444458
0.7699382305145264
1.1582084894180298
0.6731469035148621
0.8092233538627625
0.9443612694740295
0.8679755926132202
0.7137293815612793
0.7749607563018799
0.642989993095398
1.0005288124084473
0.7590662837028503
0.6903648376464844
0.7180280089378357
0.7948293089866638
0.6048807501792908
0.7614278197288513
0.6121503710746765
0.8587253093719482
0.846596896648407
0.9690813422203064
0.7963907122612
0.6776683330535889
0.7098758816719055
0.6991801261901855
0.7437542676925659
0.6980171799659729
0.7970448732376099
0.8750298023223877
0.740155041217804
0.5759079456329346
0.7184689044952393
1.1323679685592651
0.8119111061096191
0.6026878356933594
0.5896089673042297
0.7542805075645447
0.8141553997993469
0.7249342799186707
0.873160183429718
0.9106286764144897
0.8171679973602295
0.5821613669395447
1.0753090381622314
0.7618694305419922
0.8585290312767029
0.6331931948661804
0.9264810085296631
0.6512809991836548
0.5552470088005066
0.9806718230247498
0.5104482173919678
0.4979982376098633
0.7763403654098511
0.8629498481750488
0.7539341449737549
0.5867481827735901
0.5576274394989014
0.6873952746391296
0.6778720617294312
0.8018596172332764
0.8315907716751099
0.6620762348175049
0.992247998714447
0.5260992646217346
0.6692473292350769
0.8497445583343506
0.5764509439468384
0.6636066436767578
0.7053390145301819
0.7053970694541931
0.6140870451927185
0.5850892663002014
0.6930574178695679
0.708560049533844
0.9532254934310913
0.7524558901786804
0.7702855467796326
0.5606991648674011
0.7536115050315857
0.6345835328102112
0.6358774304389954
0.7495771050453186
0.6827906370162964
0.7422893643379211
0.6292462944984436
0.7647101879119873
0.7441464066505432
0.5162883400917053
0.5745282769203186
0.45683053135871887
0.49572286009788513
0.48591309785842896
0.46789875626564026
0.6998025178909302
0.5431939959526062
0.6662797927856445
0.6634857654571533
0.7301245331764221
0.511060357093811
0.64745032787323
0.42614027857780457
0.628322422504425
0.7286569476127625
0.6315288543701172
0.531082808971405
0.6004914045333862
0.7615621089935303
0.6667729020118713
0.6963899731636047
0.5106383562088013
0.7343300580978394
0.6395980715751648
0.7762578129768372
0.8280578851699829
0.6368732452392578
0.6862252950668335
0.5226367115974426
0.8112801909446716
0.7612195611000061
0.6491937041282654
0.7359735369682312
0.5805872678756714
0.4722481369972229
0.6268706321716309
0.5915144085884094
0.6310714483261108
0.6041207313537598
0.5800307393074036
0.6629045009613037
0.4183143675327301
0.5788840055465698
0.32297414541244507
0.8554698824882507
0.6361297369003296
0.5375002026557922
0.9346137642860413
0.4234018623828888
0.5929497480392456
0.49442699551582336
0.5639684796333313
0.7108712196350098
0.5911350846290588
0.715607762336731
0.6662923097610474
0.39168140292167664
0.5387409925460815
0.6086392998695374
0.6558049321174622
0.454224556684494
0.4743669629096985
0.707811713218689
0.5667145848274231
0.6082850098609924
0.47520315647125244
0.6385318040847778
0.6720371246337891
0.5127827525138855
0.5299621820449829
0.6314221024513245
0.6030463576316833
0.47538644075393677
0.41693222522735596
0.841721773147583
0.5396363139152527
0.45147451758384705
0.6315239667892456
0.41898423433303833
0.6789311170578003
0.6276485919952393
0.7706921100616455
0.6560533046722412
0.6747562289237976
0.4339214563369751
0.48540279269218445
0.7045890092849731
0.7315658330917358
0.47952955961227417
0.5663670897483826
0.5510155558586121
0.5831378102302551
0.5565336346626282
0.5670144557952881
0.6121373772621155
0.5484024882316589
0.4983043372631073
0.6923633217811584
0.7204839587211609
0.38649600744247437
0.3478265404701233
0.4886365830898285
0.5649815797805786
0.46122074127197266
0.5523048043251038
0.6075875759124756
0.5936917066574097
0.5177267789840698
0.52039635181427
0.6582886576652527
0.6112507581710815
0.6161313056945801
0.5236826539039612
0.4876806139945984
0.5527744293212891
0.4419441223144531
0.6416741013526917
0.6480402946472168
0.48868468403816223
0.39757683873176575
0.48642435669898987
0.6654150485992432
0.4993129372596741
0.6615458726882935
0.4838814437389374
0.40166300535202026
0.5281181335449219
0.603471040725708
0.5076228976249695
0.5864109992980957
0.5645325183868408
0.5202726721763611
0.44781485199928284
0.5237142443656921
0.5768138766288757
0.41478443145751953
0.38474753499031067
0.41351038217544556
0.5874753594398499
0.5372239947319031
0.5917395949363708
0.5449562072753906
0.6138388514518738
0.5513207912445068
0.6283087134361267
0.5141063332557678
0.6389675140380859
0.6556268930435181
0.5411728024482727
0.6081494092941284
0.4421829879283905
0.48100653290748596
0.5258175134658813
0.4279652535915375
0.4479859471321106
0.4425833225250244
0.4946517050266266
0.5261359214782715
0.6736960411071777
0.5300155878067017
0.4404982626438141
0.3329833745956421
0.5400726199150085
0.47569799423217773
0.5445165634155273
0.38439229130744934
0.5607953071594238
0.47395819425582886
0.6092759966850281
0.39849862456321716
0.3349333107471466
0.49209603667259216
0.5232208371162415
0.6498624086380005
0.4148501455783844
0.4724385142326355
0.4921914041042328
0.4854825735092163
0.5117724537849426
0.4384419620037079
0.5419800877571106
0.7277238965034485
0.4940241575241089
0.4975699484348297
0.3540377914905548
0.40287500619888306
0.9769712090492249
0.5580460429191589
0.5244182348251343
0.5237674713134766
0.4846896231174469
0.5008988976478577
0.5670985579490662
0.3479727804660797
0.4281958043575287
0.45923060178756714
0.4692244827747345
0.5393838286399841
0.5218518972396851
0.7352005839347839
0.6728923320770264
0.6570842266082764
0.4548460841178894
0.6113247275352478
0.40344002842903137
0.8055134415626526
0.3322916030883789
0.4963657259941101
0.517036497592926
0.48178207874298096
0.37195461988449097
0.42778676748275757
0.3863706886768341
0.4981161952018738
0.453369140625
0.4534970223903656
0.47693294286727905
0.4459509253501892
0.4333188235759735
0.396242618560791
0.441451758146286
0.3697904348373413
0.6320321559906006
0.48765450716018677
0.3822580575942993
0.39734721183776855
0.6951991319656372
0.5766270160675049
0.4202723503112793
0.41628268361091614
0.535251796245575
0.47064030170440674
0.5805954337120056
0.44012725353240967
0.3706130385398865
0.3249810039997101
0.2737904489040375
0.32284432649612427
0.37183713912963867
0.4986542761325836
0.501022219657898
0.3738391697406769
0.4770127236843109
0.3412591218948364
0.5887303352355957
0.5198484063148499
0.38687029480934143
0.4977578818798065
0.7305799722671509
0.4921564757823944
0.6703200340270996
0.3698955178260803
0.5175599455833435
0.4979049265384674
0.5616251826286316
0.4928646385669708
0.6483762860298157
0.4869898855686188
0.47740304470062256
0.5885751843452454
0.4851975440979004
0.49800482392311096
0.46847137808799744
0.4823921322822571
0.3906721770763397
0.41660815477371216
0.4580018222332001
0.5216102600097656
0.4633422791957855
0.3268382251262665
0.5288441181182861
0.3187854588031769
0.34140095114707947
0.4116128385066986
0.3998977541923523
0.5342416167259216
0.3732673227787018
0.49836739897727966
0.3405124247074127
0.3572782576084137
0.648254930973053
0.32348597049713135
0.5473811626434326
0.33374840021133423
0.37598511576652527
0.14962564408779144
0.46437937021255493
0.30978402495384216
0.2967367172241211
0.568463921546936
0.49777618050575256
0.2377130389213562
0.42568424344062805
0.45706602931022644
0.1713980734348297
0.5693777203559875
0.6749874353408813
0.6656367182731628
0.38271060585975647
0.4125632047653198
0.4715302586555481
0.33348044753074646
0.4150594472885132
0.34810298681259155
0.27349185943603516
0.40182924270629883
0.7711536884307861
0.5168428421020508
0.36629924178123474
0.2761692404747009
0.3470773696899414
0.5289544463157654
0.2437429577112198
0.43465933203697205
0.5956284403800964
0.4212988615036011
0.5357056260108948
0.4631289541721344
0.41014397144317627
0.3158566355705261
0.36103272438049316
0.35733431577682495
0.34816527366638184
0.48519501090049744
0.25847792625427246
0.40629586577415466
0.3859850764274597
0.3182891309261322
0.4076635241508484
0.3091301918029785
0.4563343822956085
0.31977325677871704
0.527222216129303
0.3528496325016022
0.3147227168083191
0.2963135242462158
0.47918787598609924
0.755422830581665
0.4078199565410614
0.5624723434448242
0.3673805594444275
0.4225517809391022
0.5426717400550842
0.3895682096481323
0.40137723088264465
0.29913434386253357
0.40986087918281555
0.39443808794021606
0.357119619846344
0.4393964111804962
0.5161250829696655
0.2956412136554718
0.3456100523471832
0.38827064633369446
0.4553077220916748
0.37285172939300537
0.6218883991241455
0.5104454755783081
0.3790387511253357
0.4573967456817627
0.3963838815689087
0.3676449656486511
0.3690038323402405
0.6462710499763489
0.3982860743999481
0.5170331597328186
0.3813376724720001
0.5028858184814453
0.3731635510921478
0.36894524097442627
0.3943922817707062
0.41884857416152954
0.613004744052887
0.2744154632091522
0.4340689182281494
0.34545084834098816
0.449177086353302
0.34779173135757446
0.4215613603591919
0.3745327293872833
0.3139027953147888
0.261933833360672
0.3318115770816803
0.3199303150177002
0.25801965594291687
0.6041751503944397
0.38490164279937744
0.2684791088104248
0.4351658523082733
0.48549091815948486
0.31442898511886597
0.27080875635147095
0.4036604166030884
0.46797293424606323
0.3167032301425934
0.20616590976715088
0.37645769119262695
0.3974493443965912
0.4551658034324646
0.45503348112106323
0.468137264251709
0.3926412761211395
0.4021437168121338
0.2981050908565521
0.43490299582481384
0.28871098160743713
0.43683940172195435
0.4237508773803711
0.30271127820014954
0.39647242426872253
0.3658459782600403
0.32891929149627686
0.3355884552001953
0.3861292004585266
0.3607392907142639
0.41618475317955017
0.4120180606842041
0.6010347604751587
0.43173980712890625
0.3496675193309784
0.2733133137226105
0.38401544094085693
0.49068790674209595
0.3761081099510193
0.4034537374973297
0.39254114031791687
0.4284321665763855
0.45664137601852417
0.38731661438941956
0.4394262135028839
0.3207276165485382
0.31751471757888794
0.3230827748775482
0.46536940336227417
0.3304261863231659
0.5939529538154602
0.47204476594924927
0.51405930519104
0.38969188928604126
0.37563157081604004
0.22163614630699158
0.43574047088623047
0.32800233364105225
0.29635554552078247
0.3642794191837311
0.228573277592659
0.4283481240272522
0.4014279544353485
0.2799593508243561
0.2962898313999176
0.5115077495574951
0.30667445063591003
0.27707722783088684
0.4046742618083954
0.3412741422653198
0.3068450689315796
0.4033505618572235
0.4627666771411896
0.30734679102897644
0.35474589467048645
0.3621966540813446
0.37249138951301575
0.3337734341621399
0.32498836517333984
0.2043970227241516
0.5685937404632568
0.5580496788024902
0.3823741376399994
0.2628082036972046
0.3145504295825958
0.33574336767196655
0.29866349697113037
0.3797200918197632
0.3428449034690857
0.36844348907470703
0.2936805486679077
0.354759156703949
0.3831639587879181
0.3788883090019226
0.30980581045150757
0.33992132544517517
0.5042362213134766
0.35234957933425903
0.28573739528656006
0.37350326776504517
0.3606691062450409
0.3815193176269531
0.3551129996776581
0.5418199896812439
0.36085420846939087
0.25191566348075867
0.3256029784679413
0.5772275924682617
0.33623528480529785
0.26150891184806824
0.4295107424259186
0.36881348490715027
0.32078003883361816
0.4434281289577484
0.45340290665626526
0.458079993724823
0.6026331782341003
0.31386008858680725
0.5557111501693726
0.42403650283813477
0.42593738436698914
0.3765217065811157
0.36203500628471375
0.25823861360549927
0.4727083742618561
0.2840520441532135
0.3785686790943146
0.3592427670955658
0.33131927251815796
0.6485151052474976
0.35514503717422485
0.3652709126472473
0.5088832974433899
0.28146493434906006
0.693545401096344
0.57904452085495
0.3735192120075226
0.3787202537059784
0.3159920871257782
0.33203256130218506
0.29317140579223633
0.4960196912288666
0.33591708540916443
0.3085702657699585
0.4285714626312256
0.3937661945819855
0.3909376561641693
0.316915899515152
0.3705669343471527
0.3950192332267761
0.4469752013683319
0.2321089655160904
0.2704187333583832
0.6328525543212891
0.23672978579998016
0.4311451315879822
0.34859591722488403
0.32156848907470703
0.24561525881290436
0.29268550872802734
0.32935813069343567
0.39242371916770935
0.432356059551239
0.24787741899490356
0.25106900930404663
0.3553783893585205
0.5063378214836121
0.47670602798461914
0.2397942841053009
0.26261192560195923
0.40834739804267883
0.3384020924568176
0.3901057839393616
0.4947580099105835
0.23972170054912567
0.4086618423461914
0.43577641248703003
0.4531351625919342
0.523868203163147
0.22239013016223907
0.19873148202896118
0.5171557068824768
0.3187786638736725
0.36409592628479004
0.3562566637992859
0.3604271113872528
0.34787943959236145
0.3666531443595886
0.49499261379241943
0.18660615384578705
0.42020130157470703
0.4004693329334259
0.42172232270240784
0.28066036105155945
0.23506255447864532
0.2793165147304535
0.2998342514038086
0.46969345211982727
0.3297666311264038
0.5264865756034851
0.7082485556602478
0.25220903754234314
0.2724168300628662
0.3990255892276764
0.339180052280426
0.3323719799518585
0.3870972990989685
0.2503388822078705
0.2540031969547272
0.5238077044487
0.3484175503253937
0.3107488453388214
0.12785951793193817
0.24306444823741913
0.4572191834449768
0.29834309220314026
0.4095011055469513
0.2264063060283661
0.3793776333332062
0.3281591534614563
0.24226027727127075
0.3848431408405304
0.2401043176651001
0.24532854557037354
0.4359435439109802
0.7374919652938843
0.3152501881122589
0.24501866102218628
0.41191187500953674
0.4344327747821808
0.4030618667602539
0.4380521774291992
0.3145814836025238
0.3905855119228363
0.4498879015445709
0.534606397151947
0.35133662819862366
0.23081444203853607
0.35283362865448
0.38125255703926086
0.23196980357170105
0.3326610326766968
0.2740268409252167
0.30983275175094604
0.3733104467391968
0.23803599178791046
0.3678857982158661
0.44045186042785645
0.27875322103500366
0.34963247179985046
0.387846440076828
0.36019057035446167
0.32867228984832764
0.4715893566608429
0.2846720516681671
0.2723350524902344
0.46192261576652527
0.2809576392173767
0.4254048764705658
0.25681331753730774
0.32585886120796204
0.3334575295448303
0.2502845525741577
0.44812262058258057
0.3257544934749603
0.31076738238334656
0.41452261805534363
0.42045265436172485
0.30667537450790405
0.39274924993515015
0.17686645686626434
0.20014050602912903
0.23490779101848602
0.4415229260921478
0.37634238600730896
0.4822951853275299
0.3404952883720398
0.33279362320899963
0.40157291293144226
0.27680110931396484
0.1558716744184494
0.4121928811073303
0.3434825539588928
0.2800543010234833
0.25926077365875244
0.3289144039154053
0.2642359137535095
0.29749757051467896
0.1196293756365776
0.2576972246170044
0.32950031757354736
0.3461984395980835
0.25356534123420715
0.3022381365299225
0.282597154378891
0.28254434466362
0.21345879137516022
0.41751089692115784
0.39153480529785156
0.346601665019989
0.36431172490119934
0.471351683139801
0.3465489149093628
0.38550475239753723
0.33699148893356323
0.3906795382499695
0.3438563644886017
0.4183344841003418
0.29780033230781555
0.2799506187438965
0.41428065299987793
0.55494624376297
0.36066514253616333
0.29162028431892395
0.3192964792251587
0.2607026696205139
0.36592793464660645
0.2784563899040222
0.33260577917099
0.32303619384765625
0.46063223481178284
0.42461490631103516
0.30830666422843933
0.28610533475875854
0.3757078945636749
0.3596922755241394
0.3128390908241272
0.2562764286994934
0.504300057888031
0.25901636481285095
0.2700594961643219
0.27458807826042175
0.21867461502552032
0.29289618134498596
0.35293060541152954
0.3347141146659851
0.4636242091655731
0.7447731494903564
0.3197137713432312
0.2824499309062958
0.27175843715667725
0.48686859011650085
0.33363625407218933
0.3578300178050995
0.3506680428981781
0.43405863642692566
0.35420843958854675
0.34962940216064453
0.37552595138549805
0.32221129536628723
0.29821839928627014
0.2759225070476532
0.3055582046508789
0.32535839080810547
0.3216004967689514
0.35905933380126953
0.21692833304405212
0.4469667971134186
0.48558297753334045
0.3502599895000458
0.542025089263916
0.2759173512458801
0.36770620942115784
0.2986724078655243
0.29916200041770935
0.29724788665771484
0.29622164368629456
0.367561399936676
0.31194478273391724
0.22883020341396332
0.2564234435558319
0.2788768410682678
0.20282672345638275
0.22630955278873444
0.3096010088920593
0.4974837303161621
0.3785738945007324
0.43591243028640747
0.21938176453113556
0.23102861642837524
0.5241210460662842
0.2696836292743683
0.25345584750175476
0.32010018825531006
0.31750965118408203
0.2757192850112915
0.3843904435634613
0.3938777446746826
0.43758493661880493
0.47565388679504395
0.41314011812210083
0.20596089959144592
0.4682011008262634
0.2578129470348358
0.30438554286956787
0.27409371733665466
0.20676912367343903
0.35620325803756714
0.3573945462703705
0.2908715605735779
0.38110414147377014
0.16201426088809967
0.5500177145004272
0.455089271068573
0.3047305941581726
0.2968716323375702
0.42766016721725464
0.26504090428352356
0.3039688169956207
0.3075663149356842
0.3822981119155884
0.39054861664772034
0.2955026626586914
0.3122434914112091
0.4965856373310089
0.3716292083263397
0.40898868441581726
0.3610404133796692
0.5157926678657532
0.3883237838745117
0.48536601662635803
0.2253464311361313
0.23722900450229645
0.15211178362369537
0.32671552896499634
0.23267188668251038
0.28495365381240845
0.25876888632774353
0.24761800467967987
0.35408517718315125
0.494988352060318
0.4125059247016907
0.22934675216674805
0.3396439254283905
0.38818618655204773
0.43657130002975464
0.352484792470932
0.6129287481307983
0.2710544764995575
0.4789663553237915
0.23955565690994263
0.24122875928878784
0.24318112432956696
0.26285478472709656
0.22421178221702576
0.2735058069229126
0.24515190720558167
0.47675079107284546
0.2542498707771301
0.368642121553421
0.3309568464756012
0.3155478537082672
0.2788742780685425
0.2274557501077652
0.267137348651886
0.3582039773464203
0.4334202706813812
0.22169862687587738
0.28329476714134216
0.31134894490242004
0.32398998737335205
0.27206724882125854
0.4067928194999695
0.2717055082321167
0.3544527292251587
0.3435772657394409
0.42573079466819763
0.25428953766822815
0.5920252203941345
0.3358854055404663
0.43605345487594604
0.2944647967815399
0.3237583041191101
0.2330167591571808
0.17602723836898804
0.26611799001693726
0.20593994855880737
0.33087483048439026
0.18778873980045319
0.37328556180000305
0.30240094661712646
0.8195775151252747
0.3781872093677521
0.45249155163764954
0.3644349277019501
0.4534200131893158
0.35861024260520935
0.35587650537490845
0.4689784646034241
0.4139751195907593
0.27099570631980896
0.2606637477874756
0.31052476167678833
0.2676179111003876
0.2681819200515747
0.2380601018667221
0.3869253396987915
0.26674607396125793
0.3068656325340271
0.38854581117630005
0.2889028787612915
0.21760764718055725
0.35001540184020996
0.2353600561618805
0.3381136953830719
0.29990142583847046
0.41056692600250244
0.23702704906463623
0.3621395230293274
0.386735200881958
0.18122880160808563
0.37067925930023193
0.2581389844417572
0.410629004240036
0.30609890818595886
0.5687479376792908
0.31484195590019226
0.18734867870807648
0.33535444736480713
0.286369264125824
0.1959654688835144
0.17779430747032166
0.401422381401062
0.29808226227760315
0.29076534509658813
0.42038726806640625
0.30345088243484497
0.3177016079425812
0.261335164308548
0.4093814492225647
0.3075368404388428
0.48621830344200134
0.32097893953323364
0.3434344530105591
0.38625195622444153
0.5599316358566284
0.335590660572052
0.3258298933506012
0.20038042962551117
0.2281429022550583
0.3838151693344116
0.36627820134162903
0.35327857732772827
0.25567638874053955
0.2937757670879364
0.20899443328380585
0.2727053463459015
0.5711813569068909
0.2627819776535034
0.31777408719062805
0.42374545335769653
0.21487686038017273
0.38478410243988037
0.5805002450942993
0.26641416549682617
0.31770390272140503
0.3627917468547821
0.2901553511619568
0.2785055339336395
0.19043292105197906
0.38108885288238525
0.28276291489601135
0.31535184383392334
0.6640378832817078
0.3393422067165375
0.2016223967075348
0.44534531235694885
0.2427983582019806
0.4420314133167267
0.29684922099113464
0.190519317984581
0.2720526158809662
0.3578212261199951
0.31789761781692505
0.26385393738746643
0.42576533555984497
0.30347153544425964
0.3165096938610077
0.21877075731754303
0.36205199360847473
0.36362865567207336
0.20282161235809326
0.25847873091697693
0.21766512095928192
0.1609477549791336
0.524966299533844
0.25224316120147705
0.2547769248485565
0.24140891432762146
0.19752128422260284
0.37495437264442444
0.2247646600008011
0.3121111989021301
0.22620117664337158
0.3180704712867737
0.48476749658584595
0.3371483087539673
0.2017248570919037
0.29054513573646545
0.3294179141521454
0.34455859661102295
0.40203890204429626
0.23899124562740326
0.19239670038223267
0.30590584874153137
0.20020520687103271
0.38068124651908875
0.40195271372795105
0.47700780630111694
0.22859074175357819
0.2888278365135193
0.3210090696811676
0.2778339684009552
0.3418825566768646
0.21899040043354034
0.28358566761016846
0.20734833180904388
0.34764349460601807
0.31541943550109863
0.44497376680374146
0.46608656644821167
0.2996237277984619
0.3009047508239746
0.46743538975715637
0.2564755976200104
0.17671509087085724
0.34860071539878845
0.3245980143547058
0.35715317726135254
0.25798285007476807
0.2175704389810562
0.21517163515090942
0.1776399165391922
0.265346884727478
0.42500951886177063
0.447843998670578
0.2515922784805298
0.3588334023952484
0.22621996700763702
0.25546377897262573
0.3411918878555298
0.2421402484178543
0.2801302373409271
0.31393375992774963
0.3057136833667755
0.19863471388816833
0.21054473519325256
0.18608613312244415
0.21483619511127472
0.36883363127708435
0.258780837059021
0.30262866616249084
0.287869930267334
0.26479625701904297
0.2958122193813324
0.33584728837013245
0.20914535224437714
0.203180730342865
0.49813196063041687
0.2678726613521576
0.4431951940059662
0.34077906608581543
0.32626721262931824
0.2962226867675781
0.3653199374675751
0.3646792769432068
0.3066866993904114
0.329764187335968
0.21845878660678864
0.34947195649147034
0.29154297709465027
0.30869436264038086
0.24263036251068115
0.25346341729164124
0.2811216711997986
0.29637086391448975
0.2600882053375244
0.18993033468723297
0.3283100724220276
0.3687126040458679
0.14049659669399261
0.24287281930446625
0.7165243029594421
0.18300020694732666
0.2891193628311157
0.2564980685710907
0.30057770013809204
0.2761697769165039
0.455159455537796
0.32857367396354675
0.27146193385124207
0.405030757188797
0.2008158564567566
0.2718198001384735
0.17312809824943542
0.24121730029582977
0.24704529345035553
0.3234344720840454
0.305031418800354
0.3153199255466461
0.40703800320625305
0.17774678766727448
0.1969463974237442
0.22632627189159393
0.330280601978302
0.2528347373008728
0.41324126720428467
0.3274962902069092
0.2521285116672516
0.2621209919452667
0.34024107456207275
0.2634831368923187
0.37842482328414917
0.1432420164346695
0.227691188454628
0.3331568241119385
0.20193226635456085
0.29534369707107544
0.2269665002822876
0.2901706099510193
0.3347871005535126
0.22554220259189606
0.22052206099033356
0.1416914314031601
0.34593895077705383
0.27047666907310486
0.3484910726547241
0.15893793106079102
0.4020395278930664
0.23057006299495697
0.5322801470756531
0.23962362110614777
0.1763160228729248
0.19996805489063263
0.24769404530525208
0.35506200790405273
0.20705193281173706
0.3281625509262085
0.17284485697746277
0.30382394790649414
0.381339967250824
0.2459098845720291
0.2644718289375305
0.33835369348526
0.24176254868507385
0.2570972144603729
0.27082836627960205
0.26025640964508057
0.25975722074508667
0.4665561020374298
0.15180984139442444
0.2853667140007019
0.31961172819137573
0.1891503632068634
0.18950484693050385
0.3118707835674286
0.27396777272224426
0.2930949330329895
0.21759633719921112
0.2927267849445343
0.39409947395324707
0.29814374446868896
0.24753931164741516
0.38191890716552734
0.5483901500701904
0.3807987868785858
0.23922772705554962
0.2406543493270874
0.3012271523475647
0.14748816192150116
0.18800236284732819
0.18672126531600952
0.2707900106906891
0.2398499846458435
0.31269383430480957
0.3731890320777893
0.26016515493392944
0.2108445167541504
0.2158563733100891
0.22004948556423187
0.2954990267753601
0.21334704756736755
0.2410673052072525
0.18078835308551788
0.20557741820812225
0.3074082136154175
0.2189999669790268
0.15010634064674377
0.370719313621521
0.2145775556564331
0.4140428304672241
0.20124231278896332
0.40925171971321106
0.42644715309143066
0.21627779304981232
0.31211888790130615
0.22920621931552887
0.2489379346370697
0.1870030015707016
0.3419657051563263
0.2163040190935135
0.3221123218536377
0.33827918767929077
0.2813577651977539
0.46532145142555237
0.354028582572937
0.3005462884902954
0.2539334297180176
0.14836420118808746
0.2672419846057892
0.22815895080566406
0.37769460678100586
0.4591321349143982
0.3824631869792938
0.41654500365257263
0.33010295033454895
0.15092280507087708
0.26653316617012024
0.22881096601486206
0.2768120765686035
0.3339219093322754
0.4003646969795227
0.3340395987033844
0.32850363850593567
0.3891341984272003
0.3167603313922882
0.297749787569046
0.501086950302124
0.28493353724479675
0.4450712502002716
0.35421106219291687
0.2686290442943573
0.3947240710258484
0.1942371428012848
0.26428645849227905
0.4145570993423462
0.28671568632125854
0.2232183814048767
0.2933494448661804
0.21756881475448608
0.45444416999816895
0.2991897761821747
0.1590445190668106
0.24204778671264648
0.17630627751350403
0.4254228174686432
0.3241235911846161
0.31321829557418823
0.2828163504600525
0.3794941306114197
0.22447802126407623
0.15663257241249084
0.363677054643631
0.2343231439590454
0.15399214625358582
0.27668535709381104
0.22330574691295624
0.14427800476551056
0.2778221666812897
0.2604670226573944
0.3834739327430725
0.22852569818496704
0.3195694386959076
0.23205329477787018
0.3864510953426361
0.34159669280052185
0.38161009550094604
