10.325812339782715
5.498776435852051
5.370759010314941
3.9217305183410645
3.1854004859924316
3.3697729110717773
2.8928933143615723
2.879385471343994
2.9083003997802734
2.793060779571533
2.546686887741089
2.791416645050049
2.685870409011841
2.6955411434173584
2.9853851795196533
2.4938008785247803
2.369678258895874
2.2924368381500244
2.668490409851074
2.354156017303467
2.260119676589966
2.1309826374053955
2.147310733795166
2.2114293575286865
2.0359585285186768
2.2605953216552734
2.264340877532959
1.997582197189331
2.257373571395874
1.8624992370605469
2.1271870136260986
1.9103868007659912
1.9559012651443481
1.9221384525299072
1.939072847366333
1.975866436958313
1.4622770547866821
1.8600478172302246
1.3840714693069458
1.8613790273666382
1.6858837604522705
1.550126314163208
1.6961385011672974
1.7693300247192383
1.71485435962677
1.6933661699295044
1.6801530122756958
1.4150879383087158
1.632487177848816
1.4221185445785522
1.538252592086792
1.5140659809112549
1.6043998003005981
1.670436143875122
1.0228047370910645
1.4742560386657715
1.291504979133606
1.1694451570510864
1.3306080102920532
1.0528037548065186
1.434731125831604
1.1292541027069092
1.371943712234497
1.3424493074417114
1.1843903064727783
1.0330607891082764
1.3891304731369019
1.1977452039718628
1.3293967247009277
1.4418482780456543
1.0059294700622559
0.8073965907096863
1.423954725265503
1.1839637756347656
1.268776297569275
1.3830342292785645
1.3266385793685913
1.0821142196655273
1.1797314882278442
1.1435765027999878
0.9508036375045776
1.03095281124115
1.0918326377868652
0.9814271330833435
0.9099747538566589
1.5804290771484375
0.8065096139907837
0.898078203201294
1.0823873281478882
0.936470627784729
1.0960437059402466
0.9628425240516663
1.02777898311615
1.0139648914337158
1.1206611394882202
0.9138944745063782
1.0817769765853882
1.260775089263916
0.9478959441184998
1.188299298286438
0.9311382174491882
0.8929722905158997
0.9085202217102051
1.2235829830169678
0.8508591651916504
0.9082050323486328
0.9502953290939331
0.8034461140632629
1.020643711090088
0.7965477108955383
0.9210962653160095
0.7621182799339294
1.0657685995101929
1.006587266921997
0.7689537405967712
0.936566948890686
0.9542433619499207
1.0655120611190796
0.8023179173469543
0.9334883689880371
1.2117178440093994
0.9523979425430298
1.0807530879974365
0.9476921558380127
1.020336627960205
1.0205899477005005
0.8304516673088074
0.8303201198577881
1.2864558696746826
0.9650530219078064
0.8384933471679688
0.933483898639679
0.7102348208427429
0.8622716069221497
0.9953240752220154
0.8932409882545471
0.7170097231864929
0.9134243726730347
0.9317812323570251
0.9415766596794128
0.9695144891738892
0.9503565430641174
0.9783512353897095
1.0705738067626953
0.9979161620140076
0.9682696461677551
1.007307767868042
0.8334758281707764
0.8079395890235901
0.8304975628852844
0.9294750094413757
0.9910606741905212
0.704058825969696
1.0884264707565308
0.835928738117218
0.9997021555900574
0.738254725933075
0.9516918063163757
0.9139172434806824
1.0180277824401855
0.8142784833908081
0.748863160610199
0.75054532289505
0.8359485268592834
0.7313178777694702
0.9169362187385559
0.7935558557510376
1.04679274559021
0.7591222524642944
0.9431532621383667
1.0337843894958496
0.7873656153678894
0.7842575311660767
0.8153502941131592
0.7740307450294495
0.8224763870239258
0.7502102851867676
0.7528145909309387
0.7153085470199585
0.9449942111968994
1.1127301454544067
0.8859461545944214
0.5503777265548706
0.7960994243621826
0.6934587359428406
0.7886231541633606
0.8526152968406677
0.6543788313865662
0.7876227498054504
0.535940408706665
0.6433677673339844
0.7704284191131592
0.9746508002281189
0.5460767149925232
0.5051659941673279
0.8830878734588623
0.6089109182357788
0.7178173065185547
0.6492390036582947
0.716949999332428
0.7675358653068542
0.9275671243667603
0.7607796788215637
0.8255200386047363
0.7159723043441772
0.6872593760490417
0.43870940804481506
0.6960265636444092
0.6922269463539124
0.6915440559387207
0.5182905793190002
0.7432069182395935
0.5642823576927185
0.44495823979377747
0.6003801226615906
0.6228326559066772
0.6978427767753601
0.5897550582885742
0.5724608302116394
0.5993020534515381
0.725636899471283
0.6627165079116821
0.7856408953666687
0.586897075176239
0.5966756939888
0.6627718806266785
0.5715327858924866
0.6777152419090271
0.7473509311676025
0.6934006810188293
0.6648979783058167
0.7762424945831299
0.5087934136390686
0.6366060972213745
1.2022892236709595
0.654683530330658
0.7894733548164368
0.4064449667930603
0.9102850556373596
0.7241750359535217
0.6793965697288513
0.4942725598812103
0.8844002485275269
0.5090603828430176
0.658228874206543
0.9179019331932068
0.5569629073143005
0.599653959274292
0.9356250166893005
0.6316586136817932
0.8340656757354736
0.668967604637146
0.8051729798316956
0.5873349905014038
0.5640077590942383
0.7243793606758118
0.7717676758766174
0.5354985594749451
0.8725372552871704
0.5328733921051025
0.5110756754875183
0.6894412636756897
0.8559818267822266
0.5670849084854126
0.6562831401824951
0.5835698246955872
0.717605710029602
0.569861114025116
0.6573329567909241
0.7280101180076599
0.4123765528202057
0.5763648748397827
0.6331934332847595
0.6659339666366577
0.7277851104736328
0.40005651116371155
0.6581783294677734
0.6776421070098877
0.7396991848945618
0.43321868777275085
0.4822555482387543
0.49242737889289856
0.6581315398216248
0.7276677489280701
0.5858766436576843
0.5816411972045898
0.9932838678359985
0.5164785981178284
0.629435658454895
0.6970776319503784
0.6306450963020325
0.5187841653823853
0.6425848603248596
0.6705707907676697
0.8182172775268555
0.5521826148033142
0.48127129673957825
0.6956692337989807
0.5747887492179871
0.8043800592422485
0.6395105719566345
0.44844797253608704
0.5413979291915894
0.5750699043273926
0.6398338079452515
0.6350137591362
0.4080400764942169
0.7006450891494751
0.5629338622093201
0.6563005447387695
0.42355313897132874
0.5339002013206482
0.6917392611503601
0.750291645526886
0.588783860206604
0.47340887784957886
0.5570905804634094
0.7199625372886658
0.8874945044517517
0.5320467352867126
0.5779685378074646
0.45861807465553284
0.5002939701080322
0.4350994825363159
0.47433796525001526
0.44620680809020996
0.4402351975440979
0.6145475506782532
0.4930270314216614
0.5925694704055786
0.599421501159668
0.46573665738105774
0.5976557731628418
0.392446368932724
0.6073152422904968
0.6240032315254211
0.5644528269767761
0.5546606779098511
0.7289111018180847
0.5835407972335815
0.6722679734230042
0.5482722520828247
0.5643765926361084
0.707365095615387
0.42930954694747925
0.5341139435768127
0.3707994818687439
0.491610050201416
0.5587562918663025
0.570996880531311
0.5516031980514526
0.4971105456352234
0.5301649570465088
0.4213200509548187
0.4836519956588745
0.635601282119751
0.44137781858444214
0.4818528890609741
0.4543273448944092
0.6355761289596558
0.6023529767990112
0.6967334747314453
0.4598550796508789
0.48613327741622925
0.8416628837585449
0.45830008387565613
0.6118805408477783
0.4776609241962433
0.6688545346260071
0.6430482268333435
0.914150595664978
0.48661744594573975
0.4958347976207733
0.4201606810092926
0.44671982526779175
0.4981220066547394
0.6987860202789307
0.46750232577323914
0.8705352544784546
0.5145299434661865
0.7391169667243958
0.47938114404678345
0.5118176937103271
0.5324597358703613
0.442979633808136
0.43850865960121155
0.4914534091949463
0.4934757947921753
0.6504000425338745
0.4769715964794159
0.4146049916744232
0.4926220774650574
0.4637746214866638
0.6126837730407715
0.4174134433269501
0.47472208738327026
0.46076396107673645
0.4945659935474396
0.5127484798431396
0.5291382670402527
0.495187371969223
0.5675187110900879
0.6719341278076172
0.37527596950531006
0.5738676190376282
0.37584444880485535
0.5532968044281006
0.5434483885765076
0.5167503356933594
0.7491640448570251
0.3690824508666992
0.6360986232757568
0.5443726778030396
0.5167520046234131
0.5648571848869324
0.6063848733901978
0.2910754084587097
0.4883326590061188
0.33044669032096863
0.46830159425735474
0.5483906269073486
0.48648980259895325
0.5108382105827332
0.42692214250564575
0.5261211395263672
0.4327804446220398
0.5197605490684509
0.3532566726207733
0.3396037817001343
0.7473466992378235
0.39941227436065674
0.5481956005096436
0.6062244176864624
0.4113646447658539
0.5357056260108948
0.39931371808052063
0.447993665933609
0.45926472544670105
0.5112400054931641
0.46655943989753723
0.5798022747039795
0.662492036819458
0.3902914822101593
0.6305608749389648
0.35486793518066406
0.554320752620697
0.29747921228408813
0.6254714727401733
0.5496430397033691
0.3823331594467163
0.5018051862716675
0.6794699430465698
0.5762469172477722
0.4148612916469574
0.34058523178100586
0.5816754698753357
0.5544543862342834
0.6819633841514587
0.4823809862136841
0.5786865949630737
0.5046360492706299
0.6643407940864563
0.7341331243515015
0.5069718360900879
0.514746367931366
0.3171100616455078
0.607389509677887
0.5834227204322815
0.513790488243103
0.33458900451660156
0.3945472836494446
0.3455818295478821
0.3892486095428467
0.6104826331138611
0.4914490878582001
0.604817271232605
0.4763472378253937
0.5303654074668884
0.4647592306137085
0.48934218287467957
0.27889513969421387
0.40931081771850586
0.39535728096961975
0.46165063977241516
0.5165528059005737
0.39682507514953613
0.77446448802948
0.46580770611763
0.4271785616874695
0.364769846200943
0.4572453796863556
0.47252157330513
0.37372705340385437
0.4328652024269104
0.3708634078502655
0.535743772983551
0.3165518045425415
0.37921157479286194
0.8264233469963074
0.6473543047904968
0.5389246940612793
0.5683429837226868
0.3752952218055725
0.6028295755386353
0.41204920411109924
0.4237002432346344
0.35077688097953796
0.45943278074264526
0.4311686158180237
0.6115446090698242
0.3563156723976135
0.6194935441017151
0.4834498167037964
0.3644847571849823
0.506539523601532
0.5670378804206848
0.3885388672351837
0.4975527822971344
0.46202635765075684
0.2824340760707855
0.43115711212158203
0.4151134788990021
0.45853033661842346
0.3235340714454651
0.46690627932548523
0.555873692035675
0.4230557680130005
0.47781163454055786
0.3557983636856079
0.45283305644989014
0.40268397331237793
0.47449859976768494
0.29971668124198914
0.4609367847442627
0.33650681376457214
0.44469884037971497
0.3117918074131012
0.4262332618236542
0.474296510219574
0.49949896335601807
0.30963724851608276
0.4112597703933716
0.6517449617385864
0.4302523732185364
0.6547604203224182
0.40310370922088623
0.4596587121486664
0.33174625039100647
0.41016823053359985
0.3569197952747345
0.3283084034919739
0.28411638736724854
0.4178948700428009
0.2885431945323944
0.41791194677352905
0.3211911916732788
0.3393845856189728
0.4141271114349365
0.5375128984451294
0.4236280918121338
0.2700915038585663
0.5182093381881714
0.42004308104515076
0.34798261523246765
0.39126265048980713
0.38083383440971375
0.43012914061546326
0.4786643385887146
0.5839963555335999
0.3769899904727936
0.44001445174217224
0.38968658447265625
0.44862473011016846
0.46609172224998474
0.3987269401550293
0.3840724527835846
0.5120671391487122
0.3504461348056793
0.5581814646720886
0.31350699067115784
0.6316899657249451
0.5508754253387451
0.3414139747619629
0.2945401966571808
0.6299946904182434
0.359853059053421
0.4427538514137268
0.30676156282424927
0.3847507834434509
0.50827556848526
0.4123214781284332
0.46361908316612244
0.45249858498573303
0.41458630561828613
0.5540582537651062
0.3718752861022949
0.3589010238647461
0.21325546503067017
0.34068289399147034
0.5145726203918457
0.23570729792118073
0.495024710893631
0.42052391171455383
0.6845398545265198
0.26799625158309937
0.355484277009964
0.44714468717575073
0.39155900478363037
0.4164084494113922
0.34216195344924927
0.4067150354385376
0.42555761337280273
0.42280009388923645
0.3478667140007019
0.5621588230133057
0.4403683543205261
0.3988134562969208
0.4541584849357605
0.34782713651657104
0.3417254388332367
0.4605571925640106
0.4271223545074463
0.3233429491519928
0.4029277563095093
0.572858452796936
0.4410363733768463
0.3156929314136505
0.6536960601806641
0.5511528253555298
0.4430093467235565
0.35648006200790405
0.45390284061431885
0.4874059557914734
0.38687312602996826
0.29049599170684814
0.36331942677497864
0.4209388494491577
0.42667049169540405
0.3965669870376587
0.4400264024734497
0.4185120463371277
0.2909603416919708
0.40227049589157104
0.339348167181015
0.3137388527393341
0.26592129468917847
0.4689179062843323
0.5168216824531555
0.5440586805343628
0.4763152599334717
0.3461759388446808
0.4023563265800476
0.2916325330734253
0.3296452462673187
0.4957682192325592
0.24147987365722656
0.2561192810535431
0.466027170419693
0.657214343547821
0.5604564547538757
0.37249767780303955
0.5413317680358887
0.5068475604057312
0.398080050945282
0.6605319380760193
0.3534669876098633
0.30516231060028076
0.47460368275642395
0.27377474308013916
0.3752754330635071
0.3282849192619324
0.4299373924732208
0.3211442232131958
0.43115225434303284
0.6421760320663452
0.37392908334732056
0.40995630621910095
0.33616313338279724
0.41992872953414917
0.32088497281074524
0.3566018044948578
0.3706291913986206
0.46655699610710144
0.246561661362648
0.3481704592704773
0.40032607316970825
0.306972473859787
0.2985827624797821
0.3533135950565338
0.27739056944847107
0.41705647110939026
0.4557711184024811
0.48126494884490967
0.4873707592487335
0.5218999981880188
0.49266958236694336
0.5095290541648865
0.28362542390823364
0.3824404180049896
0.30528929829597473
0.4358198642730713
0.25493645668029785
0.4592975974082947
0.30157166719436646
0.3468555212020874
0.40712854266166687
0.25193074345588684
0.5168449878692627
0.3280153274536133
0.3901163339614868
0.4643494784832001
0.35078930854797363
0.5258265733718872
0.25330501794815063
0.3746369481086731
0.45467865467071533
0.27210330963134766
0.33402225375175476
0.37814411520957947
0.45503729581832886
0.326711505651474
0.3045101463794708
0.370120108127594
0.35776808857917786
0.37797781825065613
0.6637822985649109
0.292817622423172
0.38139477372169495
0.23431245982646942
0.36525076627731323
0.320741206407547
0.2952451705932617
0.29762718081474304
0.2643325626850128
0.31127554178237915
0.42130884528160095
0.4564724862575531
0.23813985288143158
0.3640647530555725
0.4134427011013031
0.40899497270584106
0.6287751197814941
0.4253670871257782
0.29459765553474426
0.413718581199646
0.3063129186630249
0.4427326023578644
0.31588029861450195
0.5744032263755798
0.4188084304332733
0.33173319697380066
0.6278597116470337
0.3175880014896393
0.28916504979133606
0.2859365940093994
0.5542413592338562
0.5790072083473206
0.46293893456459045
0.43882670998573303
0.4247358739376068
0.36898505687713623
0.38279473781585693
0.2968361973762512
0.5282466411590576
0.40565916895866394
0.31695863604545593
0.36455121636390686
0.35993891954421997
0.23805812001228333
0.2823505997657776
0.43533584475517273
0.2807082235813141
0.3363528251647949
0.4771834909915924
0.35231098532676697
0.24984323978424072
0.42500534653663635
0.2918214797973633
0.43732964992523193
0.21743188798427582
0.29002878069877625
0.49814218282699585
0.36820873618125916
0.4667679965496063
0.28294748067855835
0.31384921073913574
0.3324723541736603
0.2311892956495285
0.39549878239631653
0.3304201364517212
0.3626954257488251
0.43694645166397095
0.3286631405353546
0.24667750298976898
0.2738704979419708
0.29482731223106384
0.5486482977867126
0.3564121127128601
0.4744531214237213
0.1468961536884308
0.32241153717041016
0.5580369234085083
0.4170583486557007
0.3630639910697937
0.27905359864234924
0.2703321576118469
0.3340482711791992
0.2850448489189148
0.4389376938343048
0.3795386552810669
0.3333832621574402
0.47432565689086914
0.5930305123329163
0.32253333926200867
0.6370108127593994
0.40965571999549866
0.4950244128704071
0.36446458101272583
0.49095284938812256
0.3994816541671753
0.23355504870414734
0.3398611843585968
0.45386770367622375
0.22604575753211975
0.3174837529659271
0.35634782910346985
0.42131704092025757
0.23648855090141296
0.4581547677516937
0.27360960841178894
0.2868863046169281
0.35171908140182495
0.3691995441913605
0.27419567108154297
0.27337485551834106
0.7146867513656616
0.4440922439098358
0.4675135314464569
0.3693843483924866
0.30677101016044617
0.45181331038475037
0.4066760241985321
0.2545158267021179
0.34166714549064636
0.33612221479415894
0.25042542815208435
0.32469621300697327
0.2474430650472641
0.5419041514396667
0.30132806301116943
0.2680436968803406
0.244553804397583
0.20920197665691376
0.4439595937728882
0.5071900486946106
0.44324883818626404
0.376852810382843
0.44250965118408203
0.39492493867874146
0.2435186207294464
0.2704536020755768
0.18015281856060028
0.46137547492980957
0.4367893934249878
0.3201848566532135
0.32644039392471313
0.3045656383037567
0.4391103982925415
0.46014755964279175
0.3599536418914795
0.35735997557640076
0.26734742522239685
0.41765227913856506
0.29410526156425476
0.33213934302330017
0.2794017791748047
0.4784267246723175
0.3933582603931427
0.5489088892936707
0.3270255923271179
0.34107542037963867
0.3658568263053894
0.23473693430423737
0.42999935150146484
0.4258872866630554
0.2984921634197235
0.2327928990125656
0.27889174222946167
0.47451841831207275
0.3933926522731781
0.42037713527679443
0.2622896134853363
0.4992777109146118
0.4074474573135376
0.3593149483203888
0.3806852698326111
0.2716602087020874
0.5346594452857971
0.3959898054599762
0.4934598207473755
0.38088685274124146
0.7542455792427063
0.33520272374153137
0.41093313694000244
0.20227308571338654
0.2347560077905655
0.4601040184497833
0.4036337435245514
0.3670772314071655
0.285348504781723
0.28697469830513
0.3656667470932007
0.27345040440559387
0.3203689455986023
0.37912529706954956
0.31860190629959106
0.25941428542137146
0.33962106704711914
0.3622934818267822
0.3327324390411377
0.4152158200740814
0.3812244236469269
0.19438467919826508
0.2178376466035843
0.3541052043437958
0.24216896295547485
0.4747225344181061
0.3271235227584839
0.3151349127292633
0.4492625892162323
0.302153080701828
0.3681212365627289
0.30028587579727173
0.3123883008956909
0.27694830298423767
0.3937573730945587
0.34515929222106934
0.32393765449523926
0.29397353529930115
0.21574340760707855
0.2529279887676239
0.30668404698371887
0.23269779980182648
0.2629290819168091
0.2527739405632019
0.26467105746269226
0.41532179713249207
0.38784852623939514
0.28439366817474365
0.3137328624725342
0.35328805446624756
0.20128817856311798
0.22985774278640747
0.5020850896835327
0.3641496002674103
0.16174225509166718
0.2907944321632385
0.16961176693439484
0.2844829261302948
0.28015801310539246
0.18568523228168488
0.2766292095184326
0.23618248105049133
0.36665695905685425
0.3092849552631378
0.4495311379432678
0.35259073972702026
0.3029591143131256
0.35309576988220215
0.3538156747817993
0.3818630874156952
0.3266354501247406
0.38632360100746155
0.3083640933036804
0.4617927074432373
0.3448033928871155
0.36024102568626404
0.2468467503786087
0.26401352882385254
0.31283071637153625
0.41858333349227905
0.3472485840320587
0.1897083967924118
0.41757386922836304
0.2772656977176666
0.36411598324775696
0.3392997682094574
0.2844153344631195
0.6147851347923279
0.3701481819152832
0.29755479097366333
0.372385710477829
0.26351121068000793
0.4168258011341095
0.29177120327949524
0.34023258090019226
0.5815386176109314
0.22512133419513702
0.2954483926296234
0.3397516906261444
0.23081113398075104
0.2891446352005005
0.5766218304634094
0.2519579231739044
0.2929743528366089
0.36340805888175964
0.24819707870483398
0.43061697483062744
0.28652921319007874
0.5540592670440674
0.21654477715492249
0.22304143011569977
0.27012312412261963
0.2997041940689087
0.21921953558921814
0.289581835269928
0.23858927190303802
0.36831900477409363
0.4736712574958801
0.4233458340167999
0.37969884276390076
0.1992897391319275
0.3227449655532837
0.2364814430475235
0.4213896691799164
0.3311505913734436
0.2703797221183777
0.3197755515575409
0.4621856212615967
0.35046887397766113
0.2751653790473938
0.26857584714889526
0.2788524329662323
0.2272648811340332
0.17625664174556732
0.27609431743621826
0.3410518765449524
0.29452913999557495
0.27207985520362854
0.2931673228740692
0.4512110948562622
0.23745514452457428
0.35199660062789917
0.25247007608413696
0.18927857279777527
0.3114567697048187
0.34871023893356323
0.23212270438671112
0.5164673924446106
0.3984129726886749
0.3612261116504669
0.25583964586257935
0.273775577545166
0.26298969984054565
0.37221890687942505
0.5053979754447937
0.28717324137687683
0.2219780683517456
0.2868616580963135
0.2973799407482147
0.3845076858997345
0.23288777470588684
0.27763015031814575
0.29420796036720276
0.3051104247570038
0.33238041400909424
0.31992003321647644
0.4856172800064087
0.381470650434494
0.35399454832077026
0.2126307487487793
0.2976941764354706
0.36008861660957336
0.2549024820327759
0.4123200476169586
0.5173977613449097
0.244277223944664
0.3590657114982605
0.3317163288593292
0.2399834394454956
0.4085124731063843
0.1360733062028885
0.39881306886672974
0.32137271761894226
0.48060205578804016
0.31158751249313354
0.41897085309028625
0.27858930826187134
0.2638460397720337
0.26077282428741455
0.3585100769996643
0.15788722038269043
0.4110642075538635
0.3290211260318756
0.32365742325782776
0.29130253195762634
0.22879283130168915
0.27590397000312805
0.2934562563896179
0.332821249961853
0.26613330841064453
0.23747959733009338
0.23615315556526184
0.37630701065063477
0.2788468599319458
0.34119489789009094
0.29491469264030457
0.33028361201286316
0.23500651121139526
0.3534424901008606
0.25864511728286743
0.3151720464229584
0.31089892983436584
0.2375454157590866
0.26292988657951355
0.2789793312549591
0.45386841893196106
0.199489027261734
0.43026235699653625
0.3138143718242645
0.23602183163166046
0.2388019859790802
0.24767698347568512
0.28895968198776245
0.23417988419532776
0.33706358075141907
0.32790136337280273
0.1818545162677765
0.667557954788208
0.20377512276172638
0.3701804578304291
0.22806933522224426
0.31167909502983093
0.28710317611694336
0.1669236570596695
0.2706063389778137
0.21342593431472778
0.39206215739250183
0.2366178184747696
0.23797006905078888
0.2162019908428192
0.40684744715690613
0.2597544193267822
0.16427715122699738
0.285245805978775
0.2633061408996582
0.3730396330356598
0.2809281051158905
0.27354300022125244
0.2628009617328644
0.29523390531539917
0.2676217555999756
0.2835850417613983
0.22437812387943268
0.3110460042953491
0.20828968286514282
0.24864783883094788
0.1959410160779953
0.24579332768917084
0.35602647066116333
0.13264885544776917
0.20727330446243286
0.1571967601776123
0.25642597675323486
0.19520194828510284
0.15411651134490967
0.19439589977264404
0.39347341656684875
0.45116063952445984
0.23577366769313812
0.2959260940551758
0.2901431620121002
0.3237667977809906
0.35551315546035767
0.34887269139289856
0.3237192928791046
0.47189581394195557
0.2945597469806671
0.3378022015094757
0.2568666934967041
0.21634630858898163
0.37960726022720337
0.30722302198410034
0.18455266952514648
0.22715194523334503
0.29014459252357483
0.2993198335170746
0.23848558962345123
0.33987516164779663
0.24961166083812714
0.33265751600265503
0.43193623423576355
0.3689531087875366
0.2970929741859436
0.2620718479156494
0.34371814131736755
0.24886274337768555
0.285209596157074
0.30129268765449524
0.19776296615600586
0.32602769136428833
0.360053688287735
0.33069807291030884
0.22788536548614502
0.23600171506404877
0.30804717540740967
0.31638848781585693
0.24453303217887878
0.1992468237876892
0.246151402592659
0.45196646451950073
0.12616173923015594
0.23420514166355133
0.3594723641872406
0.18163464963436127
0.1618082970380783
0.5243514180183411
0.16588085889816284
0.15139897167682648
0.381406307220459
0.359260231256485
0.259531170129776
0.39232853055000305
0.24238330125808716
0.28024017810821533
0.2757920026779175
0.20487523078918457
0.1974572241306305
0.30488911271095276
0.3012888431549072
0.2501058578491211
0.20698358118534088
0.3358965516090393
0.28232187032699585
0.33357465267181396
0.5730021595954895
0.15606994926929474
0.11240366846323013
0.505879819393158
0.20862732827663422
0.23974943161010742
0.30548036098480225
0.39683836698532104
0.273882657289505
0.34570783376693726
0.2770790755748749
0.6034207940101624
0.2736549377441406
0.2591952383518219
0.31570082902908325
0.2218991369009018
0.2767029404640198
0.16959495842456818
0.32120758295059204
0.26374712586402893
0.30115005373954773
0.21397733688354492
0.19330383837223053
0.22750739753246307
0.23435617983341217
0.3440138101577759
0.4107488691806793
0.19737647473812103
0.2804485857486725
0.2719224989414215
0.26620519161224365
0.2542806565761566
0.15813586115837097
0.2857357859611511
0.2383604645729065
0.3265974819660187
0.15237988531589508
0.2490912824869156
0.18357853591442108
0.3437860906124115
0.20459014177322388
0.21569478511810303
0.3078360855579376
0.3796801269054413
0.17257948219776154
0.43629780411720276
0.2767505347728729
0.20245790481567383
0.32298341393470764
0.26849618554115295
0.26756811141967773
0.3595696985721588
0.19931533932685852
0.36801770329475403
0.20068658888339996
0.25691601634025574
0.40656229853630066
0.29737406969070435
0.2898540794849396
0.2582979202270508
0.3283153176307678
0.2928788363933563
0.2114027887582779
0.2837156653404236
0.2171187400817871
0.2323364019393921
0.18850690126419067
0.2791039049625397
0.1692490577697754
0.22709180414676666
0.16117249429225922
0.2638828754425049
0.2087266743183136
0.3356446623802185
0.31258100271224976
0.23380760848522186
0.26203659176826477
0.2781107425689697
0.3194105625152588
0.30086347460746765
0.1942320019006729
0.2914847135543823
0.42284300923347473
0.2475486695766449
0.2946195602416992
0.14856505393981934
0.3412342965602875
0.2129426896572113
0.4677169919013977
0.2641860842704773
0.16897915303707123
0.13980279862880707
0.17352384328842163
0.27550750970840454
0.21954305469989777
0.14231018722057343
0.37493085861206055
0.22240296006202698
0.20408232510089874
0.4751603603363037
0.25387004017829895
0.13458800315856934
0.28274601697921753
0.19854919612407684
0.21909856796264648
0.4352589547634125
0.23532165586948395
0.22457489371299744
0.5130390524864197
0.4082871973514557
0.3204909861087799
0.19309571385383606
0.1744242161512375
0.26670393347740173
0.273306667804718
0.2202036827802658
0.13531187176704407
0.18227416276931763
0.21604670584201813
0.379126638174057
0.1704406887292862
0.21582339704036713
0.24890337884426117
0.3736796975135803
0.2701664865016937
0.24468058347702026
0.28281328082084656
0.28506484627723694
0.3260513246059418
0.2619985342025757
0.29444509744644165
0.29745709896087646
0.25209182500839233
0.2883138954639435
0.33010247349739075
0.37363961338996887
0.27222171425819397
0.3174348771572113
0.19032655656337738
0.25778400897979736
0.25646042823791504
0.24030663073062897
0.40344730019569397
0.25262877345085144
0.361362099647522
0.3201933801174164
0.42786452174186707
0.5294005274772644
0.27204668521881104
0.3569890856742859
0.443056583404541
0.37730252742767334
0.2098238170146942
0.3030950129032135
0.20045918226242065
0.23197127878665924
0.42844441533088684
0.2920888662338257
0.37377798557281494
0.29834452271461487
0.360091894865036
0.32907360792160034
0.27769115567207336
0.22849953174591064
0.2967321276664734
0.28280243277549744
0.3379926383495331
0.36377930641174316
0.3443719148635864
0.45445963740348816
0.3116421401500702
0.2983524799346924
0.20777371525764465
0.3156675696372986
0.28357964754104614
0.416157603263855
0.1583329737186432
0.431651771068573
0.15341170132160187
0.267691433429718
0.2825894355773926
0.311312735080719
0.23922230303287506
0.30247142910957336
0.2084665447473526
0.2761742174625397
0.15450091660022736
0.2019311785697937
0.30423346161842346
0.2766434848308563
0.2128329575061798
0.25499463081359863
0.23080480098724365
0.2646300494670868
0.21194882690906525
0.38297194242477417
0.29353806376457214
0.41880014538764954
0.2613723576068878
0.2303200215101242
0.241231769323349
0.37301284074783325
0.24668851494789124
0.18441399931907654
0.24410848319530487
0.22277140617370605
0.19845111668109894
0.223921000957489
0.40637701749801636
0.11727167665958405
0.26754462718963623
0.24114954471588135
0.240834042429924
0.24789486825466156
0.24848976731300354
0.2632218301296234
0.22228841483592987
0.2347143590450287
0.17880964279174805
0.378549188375473
0.1910739541053772
0.251153826713562
0.2664622366428375
0.3159969449043274
0.18497683107852936
0.2896909713745117
0.25979378819465637
0.19615326821804047
0.23990969359874725
0.26704052090644836
0.3281286656856537
0.26078712940216064
0.3247720003128052
0.1810617297887802
0.151835635304451
0.33590346574783325
0.16227209568023682
0.2827010750770569
0.24312075972557068
0.36281707882881165
0.27381840348243713
0.4437837302684784
0.19109153747558594
0.20741376280784607
0.2827400863170624
0.2786526381969452
0.333141028881073
0.13428574800491333
0.3093304932117462
0.2992149889469147
0.25985485315322876
0.24945810437202454
0.19623051583766937
0.44137558341026306
0.3072853088378906
0.3978463411331177
0.4076225161552429
0.16505774855613708
0.34120213985443115
0.3492361307144165
0.16887381672859192
0.2680666148662567
0.30192816257476807
0.2125893384218216
0.353159099817276
