0.3566666543483734
0.46000000834465027
0.47999998927116394
0.550000011920929
0.5299999713897705
0.5766666531562805
0.6733333468437195
0.6766666769981384
0.6899999976158142
0.746666669845581
0.6833333373069763
0.6933333277702332
0.6766666769981384
0.6899999976158142
0.7566666603088379
0.7366666793823242
0.8166666626930237
0.7900000214576721
0.7599999904632568
0.7799999713897705
0.8566666841506958
0.8033333420753479
0.7599999904632568
0.8299999833106995
0.79666668176651
0.7666666507720947
0.8433333039283752
0.7900000214576721
0.8833333253860474
0.8333333134651184
0.8600000143051147
0.8833333253860474
0.8700000047683716
0.8600000143051147
0.8899999856948853
0.8533333539962769
0.8600000143051147
0.8700000047683716
0.7866666913032532
0.8366666436195374
0.846666693687439
0.8399999737739563
0.8799999952316284
0.8700000047683716
0.903333306312561
0.8833333253860474
0.8833333253860474
0.9133333563804626
0.8833333253860474
0.8700000047683716
0.8500000238418579
0.8633333444595337
0.8833333253860474
0.8666666746139526
0.9200000166893005
0.8933333158493042
0.8799999952316284
0.8733333349227905
0.8999999761581421
0.8833333253860474
0.8833333253860474
0.9166666865348816
0.9100000262260437
0.8799999952316284
0.9233333468437195
0.8966666460037231
0.8666666746139526
0.903333306312561
0.8933333158493042
0.9133333563804626
0.9133333563804626
0.9200000166893005
0.9233333468437195
0.9100000262260437
0.8866666555404663
0.8966666460037231
0.8899999856948853
0.8866666555404663
0.9100000262260437
0.9233333468437195
0.9333333373069763
0.9233333468437195
0.9466666579246521
0.9333333373069763
0.95333331823349
0.8966666460037231
0.903333306312561
0.9300000071525574
0.9100000262260437
0.9233333468437195
0.9300000071525574
0.9266666769981384
0.8899999856948853
0.9366666674613953
0.903333306312561
0.9166666865348816
0.8999999761581421
0.8766666650772095
0.9200000166893005
0.9266666769981384
0.9166666865348816
0.9233333468437195
0.903333306312561
0.903333306312561
0.8866666555404663
0.8633333444595337
0.9333333373069763
0.8733333349227905
0.8799999952316284
0.8833333253860474
0.8899999856948853
0.9566666483879089
0.903333306312561
0.903333306312561
0.9266666769981384
0.95333331823349
0.9300000071525574
0.9233333468437195
0.95333331823349
0.9300000071525574
0.9200000166893005
0.95333331823349
0.9166666865348816
0.8899999856948853
0.9399999976158142
0.9200000166893005
0.9300000071525574
0.9433333277702332
0.9233333468437195
0.9166666865348816
0.9466666579246521
0.9300000071525574
0.9133333563804626
0.9800000190734863
0.9100000262260437
0.9300000071525574
0.949999988079071
0.9133333563804626
0.95333331823349
0.903333306312561
0.9233333468437195
0.9133333563804626
0.9333333373069763
0.9366666674613953
0.9233333468437195
0.9300000071525574
0.9366666674613953
0.9233333468437195
0.9366666674613953
0.9366666674613953
0.9633333086967468
0.9200000166893005
0.9366666674613953
0.903333306312561
0.9433333277702332
0.9233333468437195
0.9399999976158142
0.9599999785423279
0.9366666674613953
0.9133333563804626
0.9133333563804626
0.9433333277702332
0.9166666865348816
0.9100000262260437
0.9466666579246521
0.949999988079071
0.9633333086967468
0.9333333373069763
0.9399999976158142
0.9133333563804626
0.8899999856948853
0.9333333373069763
0.9466666579246521
0.9200000166893005
0.9133333563804626
0.9100000262260437
0.9366666674613953
0.9166666865348816
0.95333331823349
0.9333333373069763
0.9466666579246521
0.9266666769981384
0.949999988079071
0.9233333468437195
0.9233333468437195
0.9266666769981384
0.9666666388511658
0.9333333373069763
0.9399999976158142
0.9266666769981384
0.9266666769981384
0.9233333468437195
0.9100000262260437
0.9666666388511658
0.9366666674613953
0.9399999976158142
0.9433333277702332
0.9300000071525574
0.9300000071525574
0.9433333277702332
0.9333333373069763
0.9300000071525574
0.9433333277702332
0.9333333373069763
0.9366666674613953
0.9566666483879089
0.9266666769981384
0.9366666674613953
0.9300000071525574
0.9100000262260437
0.9333333373069763
0.9066666960716248
0.9300000071525574
0.9399999976158142
0.9566666483879089
0.9399999976158142
0.949999988079071
0.9266666769981384
0.9433333277702332
0.9633333086967468
0.9366666674613953
0.9300000071525574
0.9433333277702332
0.9133333563804626
0.95333331823349
0.9266666769981384
0.9233333468437195
0.95333331823349
0.949999988079071
0.9433333277702332
0.9599999785423279
0.9599999785423279
0.9466666579246521
0.9766666889190674
0.9333333373069763
0.9200000166893005
0.9599999785423279
0.9399999976158142
0.9266666769981384
0.9433333277702332
0.95333331823349
0.9566666483879089
0.9300000071525574
0.9399999976158142
0.9166666865348816
0.9333333373069763
0.9700000286102295
0.9233333468437195
0.9366666674613953
0.95333331823349
0.9399999976158142
0.9466666579246521
0.9300000071525574
0.9266666769981384
0.95333331823349
0.9433333277702332
0.9366666674613953
0.9599999785423279
0.9599999785423279
0.949999988079071
0.95333331823349
0.949999988079071
0.9300000071525574
0.9466666579246521
0.9433333277702332
0.9399999976158142
0.8899999856948853
0.9433333277702332
0.9599999785423279
0.9399999976158142
0.9466666579246521
0.9333333373069763
0.9233333468437195
0.949999988079071
0.9433333277702332
0.9366666674613953
0.9266666769981384
0.949999988079071
0.9366666674613953
0.9599999785423279
0.9366666674613953
0.9566666483879089
0.9333333373069763
0.9300000071525574
0.9566666483879089
0.9399999976158142
0.9399999976158142
0.9733333587646484
0.9566666483879089
0.9566666483879089
0.9399999976158142
0.9166666865348816
0.9233333468437195
0.9399999976158142
0.9366666674613953
0.9666666388511658
0.9733333587646484
0.9566666483879089
0.9633333086967468
0.9666666388511658
0.9233333468437195
0.9766666889190674
0.95333331823349
0.949999988079071
0.9599999785423279
0.9166666865348816
0.9599999785423279
0.9366666674613953
0.9566666483879089
0.9666666388511658
0.9399999976158142
0.949999988079071
0.9300000071525574
0.9633333086967468
0.9399999976158142
0.9566666483879089
0.9733333587646484
0.949999988079071
0.9700000286102295
0.9633333086967468
0.9633333086967468
0.95333331823349
0.949999988079071
0.9366666674613953
0.9599999785423279
0.9433333277702332
0.949999988079071
0.9666666388511658
0.949999988079071
0.9433333277702332
0.9599999785423279
0.9599999785423279
0.9300000071525574
0.9399999976158142
0.9300000071525574
0.9366666674613953
0.9633333086967468
0.9599999785423279
0.9399999976158142
0.9399999976158142
0.95333331823349
0.9399999976158142
0.9300000071525574
0.9266666769981384
0.949999988079071
0.9666666388511658
0.9566666483879089
0.9766666889190674
0.95333331823349
0.9866666793823242
0.9466666579246521
0.9366666674613953
0.9433333277702332
0.95333331823349
0.9700000286102295
0.9766666889190674
0.9599999785423279
0.9399999976158142
0.9366666674613953
0.95333331823349
0.9200000166893005
0.9166666865348816
0.9466666579246521
0.9700000286102295
0.9733333587646484
0.9733333587646484
0.9466666579246521
0.9666666388511658
0.9599999785423279
0.9566666483879089
0.9599999785423279
0.95333331823349
0.9566666483879089
0.9700000286102295
0.9433333277702332
0.949999988079071
0.9566666483879089
0.9266666769981384
0.949999988079071
0.9633333086967468
0.9633333086967468
0.95333331823349
0.9666666388511658
0.949999988079071
0.9433333277702332
0.9433333277702332
0.9766666889190674
0.9433333277702332
0.9700000286102295
0.9566666483879089
0.9700000286102295
0.949999988079071
0.9666666388511658
0.9733333587646484
0.9566666483879089
0.9466666579246521
0.9599999785423279
0.9666666388511658
0.949999988079071
0.9733333587646484
0.9666666388511658
0.9733333587646484
0.9399999976158142
0.9666666388511658
0.9633333086967468
0.9166666865348816
0.95333331823349
0.9566666483879089
0.9633333086967468
0.9466666579246521
0.9700000286102295
0.9700000286102295
0.9633333086967468
0.949999988079071
0.9666666388511658
0.9566666483879089
0.9233333468437195
0.9399999976158142
0.9666666388511658
0.949999988079071
0.9633333086967468
0.9466666579246521
0.9733333587646484
0.9599999785423279
0.95333331823349
0.95333331823349
0.9566666483879089
0.9700000286102295
0.9633333086967468
0.9833333492279053
0.9666666388511658
0.9466666579246521
0.9666666388511658
0.949999988079071
0.9700000286102295
0.9366666674613953
0.9433333277702332
0.9566666483879089
0.9599999785423279
0.9633333086967468
0.9333333373069763
0.9433333277702332
0.949999988079071
0.9599999785423279
0.9766666889190674
0.9733333587646484
0.9433333277702332
0.9733333587646484
0.9633333086967468
0.9466666579246521
0.949999988079071
0.9466666579246521
0.9566666483879089
0.9399999976158142
0.9633333086967468
0.9433333277702332
0.9300000071525574
0.9700000286102295
0.9833333492279053
0.9166666865348816
0.9733333587646484
0.9666666388511658
0.9733333587646484
0.9700000286102295
0.9399999976158142
0.9666666388511658
0.9200000166893005
0.9200000166893005
0.9566666483879089
0.95333331823349
0.9633333086967468
0.9599999785423279
0.9300000071525574
0.9433333277702332
0.9466666579246521
0.9666666388511658
0.9733333587646484
0.949999988079071
0.9633333086967468
0.9599999785423279
0.9666666388511658
0.9599999785423279
0.9633333086967468
0.9666666388511658
0.95333331823349
0.9700000286102295
0.9366666674613953
0.95333331823349
0.9066666960716248
0.9833333492279053
0.9766666889190674
0.9766666889190674
0.9800000190734863
0.9466666579246521
0.9866666793823242
0.9800000190734863
0.9733333587646484
0.9433333277702332
0.9466666579246521
0.949999988079071
0.9566666483879089
0.9399999976158142
0.95333331823349
0.9466666579246521
0.9466666579246521
0.9700000286102295
0.95333331823349
0.9399999976158142
0.9599999785423279
0.8966666460037231
0.95333331823349
0.9666666388511658
0.949999988079071
0.9800000190734863
0.9599999785423279
0.949999988079071
0.9466666579246521
0.9666666388511658
0.9633333086967468
0.9700000286102295
0.9700000286102295
0.9599999785423279
0.949999988079071
0.9599999785423279
0.9633333086967468
0.9633333086967468
0.9566666483879089
0.9700000286102295
0.9766666889190674
0.9466666579246521
0.9399999976158142
0.9566666483879089
0.9433333277702332
0.95333331823349
0.9766666889190674
0.9666666388511658
0.9733333587646484
0.9233333468437195
0.95333331823349
0.9866666793823242
0.9700000286102295
0.95333331823349
0.9733333587646484
0.9666666388511658
0.9399999976158142
0.9833333492279053
0.9833333492279053
0.9566666483879089
0.9733333587646484
0.9666666388511658
0.9599999785423279
0.9800000190734863
0.9333333373069763
0.9466666579246521
0.9700000286102295
0.9800000190734863
0.9399999976158142
0.9633333086967468
0.9766666889190674
0.9833333492279053
0.9866666793823242
0.9666666388511658
0.949999988079071
0.9666666388511658
0.9700000286102295
0.9733333587646484
0.95333331823349
0.9733333587646484
0.9633333086967468
0.95333331823349
0.9700000286102295
0.9566666483879089
0.95333331823349
0.9866666793823242
0.9700000286102295
0.9700000286102295
0.9633333086967468
0.949999988079071
0.9800000190734863
0.9633333086967468
0.9633333086967468
0.9666666388511658
0.9833333492279053
0.9300000071525574
0.9700000286102295
0.9466666579246521
0.9700000286102295
0.9633333086967468
0.9666666388511658
0.949999988079071
0.9599999785423279
0.9700000286102295
0.9733333587646484
0.949999988079071
0.9333333373069763
0.9700000286102295
0.9399999976158142
0.9466666579246521
0.9466666579246521
0.9900000095367432
0.9733333587646484
0.9766666889190674
0.9700000286102295
0.9700000286102295
0.9266666769981384
0.9566666483879089
0.9433333277702332
0.9599999785423279
0.9800000190734863
0.9800000190734863
0.9733333587646484
0.9700000286102295
0.9566666483879089
0.9633333086967468
0.9566666483879089
0.95333331823349
0.9633333086967468
0.9566666483879089
0.9599999785423279
0.9399999976158142
0.9733333587646484
0.9733333587646484
0.9566666483879089
0.9599999785423279
0.9800000190734863
0.9766666889190674
0.9733333587646484
0.9800000190734863
0.949999988079071
0.95333331823349
0.9833333492279053
0.9599999785423279
0.9633333086967468
0.9666666388511658
0.9833333492279053
0.9666666388511658
0.9666666388511658
0.9866666793823242
0.9466666579246521
0.9599999785423279
0.949999988079071
0.9666666388511658
0.9800000190734863
0.9599999785423279
0.9666666388511658
0.9800000190734863
0.9766666889190674
0.9766666889190674
0.95333331823349
0.9666666388511658
0.9733333587646484
0.9599999785423279
0.9766666889190674
0.9633333086967468
0.9599999785423279
0.9866666793823242
0.9566666483879089
0.9566666483879089
0.9700000286102295
0.9633333086967468
0.9666666388511658
0.9766666889190674
0.9733333587646484
0.9366666674613953
0.9399999976158142
0.9766666889190674
0.9366666674613953
0.9733333587646484
0.9766666889190674
0.9700000286102295
0.9566666483879089
0.9700000286102295
0.9666666388511658
0.9666666388511658
0.95333331823349
0.9733333587646484
0.9766666889190674
0.9466666579246521
0.9700000286102295
0.9566666483879089
0.9733333587646484
0.9700000286102295
0.9666666388511658
0.9700000286102295
0.9666666388511658
0.9700000286102295
0.9666666388511658
0.9733333587646484
0.9666666388511658
0.9599999785423279
0.9800000190734863
0.949999988079071
0.9833333492279053
0.9766666889190674
0.9666666388511658
0.9466666579246521
0.9833333492279053
0.9766666889190674
0.9399999976158142
0.9433333277702332
0.9433333277702332
0.9433333277702332
0.9666666388511658
0.9633333086967468
0.9766666889190674
0.9800000190734863
0.9800000190734863
0.9666666388511658
0.9766666889190674
0.9599999785423279
0.9599999785423279
0.9700000286102295
0.9833333492279053
0.95333331823349
0.9933333396911621
0.9566666483879089
0.9633333086967468
0.9633333086967468
0.9433333277702332
0.9633333086967468
0.9433333277702332
0.9666666388511658
0.9866666793823242
0.9766666889190674
0.95333331823349
0.949999988079071
0.949999988079071
0.9700000286102295
0.9833333492279053
0.9599999785423279
0.9666666388511658
0.9833333492279053
0.9633333086967468
0.9833333492279053
0.9733333587646484
0.9566666483879089
0.9433333277702332
0.9766666889190674
0.9766666889190674
0.9633333086967468
0.9633333086967468
0.9633333086967468
0.949999988079071
0.9800000190734863
0.9800000190734863
0.9700000286102295
0.9666666388511658
0.9666666388511658
0.9766666889190674
0.9766666889190674
0.9900000095367432
0.9766666889190674
0.9633333086967468
0.9933333396911621
0.9466666579246521
0.9733333587646484
0.9766666889190674
0.9833333492279053
0.9666666388511658
0.9866666793823242
0.9800000190734863
0.9566666483879089
0.9566666483879089
0.9666666388511658
0.9733333587646484
0.9633333086967468
0.9599999785423279
0.9933333396911621
0.949999988079071
0.9366666674613953
0.9566666483879089
0.9599999785423279
0.9366666674613953
0.9866666793823242
0.9700000286102295
0.9666666388511658
0.9700000286102295
0.9800000190734863
0.9633333086967468
0.9700000286102295
0.9666666388511658
0.9566666483879089
0.9766666889190674
0.9466666579246521
0.9666666388511658
0.9599999785423279
0.9766666889190674
0.9633333086967468
0.9766666889190674
0.9700000286102295
0.9700000286102295
0.9766666889190674
0.9566666483879089
0.9599999785423279
0.9599999785423279
0.9800000190734863
0.949999988079071
0.9433333277702332
0.9633333086967468
0.9666666388511658
0.9800000190734863
0.9633333086967468
0.9700000286102295
0.9800000190734863
0.9800000190734863
0.9733333587646484
0.9766666889190674
0.9733333587646484
0.9833333492279053
0.9433333277702332
0.9900000095367432
0.9599999785423279
0.9566666483879089
0.9733333587646484
0.9633333086967468
0.9900000095367432
0.9633333086967468
0.9466666579246521
0.9633333086967468
0.9599999785423279
0.9700000286102295
0.9866666793823242
0.9700000286102295
0.9866666793823242
0.9833333492279053
0.9733333587646484
0.9800000190734863
0.9666666388511658
0.9900000095367432
0.9633333086967468
0.9733333587646484
0.9633333086967468
0.9733333587646484
0.9666666388511658
0.9766666889190674
0.9766666889190674
0.949999988079071
0.9566666483879089
0.9633333086967468
0.9566666483879089
0.9733333587646484
0.9833333492279053
0.9700000286102295
0.9700000286102295
0.95333331823349
0.9566666483879089
0.9566666483879089
0.949999988079071
0.9833333492279053
0.9733333587646484
0.9700000286102295
0.9566666483879089
0.9766666889190674
0.9566666483879089
0.9633333086967468
0.9733333587646484
0.9766666889190674
0.9766666889190674
0.9466666579246521
0.9700000286102295
0.9833333492279053
0.9433333277702332
0.9800000190734863
0.9599999785423279
0.9433333277702332
0.9700000286102295
0.9700000286102295
0.9800000190734863
0.9800000190734863
0.9633333086967468
0.9700000286102295
0.9766666889190674
0.949999988079071
0.9700000286102295
0.9666666388511658
0.949999988079071
0.9833333492279053
0.949999988079071
0.9866666793823242
0.9633333086967468
0.9633333086967468
0.9800000190734863
0.9766666889190674
0.9766666889190674
0.9666666388511658
0.9733333587646484
0.9633333086967468
0.9800000190734863
0.9700000286102295
0.9866666793823242
0.9733333587646484
0.9733333587646484
0.9666666388511658
0.9566666483879089
0.9833333492279053
0.9666666388511658
0.9333333373069763
0.9800000190734863
0.9633333086967468
0.9733333587646484
0.9800000190734863
0.9833333492279053
0.9800000190734863
0.9666666388511658
0.9700000286102295
0.95333331823349
0.9700000286102295
0.949999988079071
0.9700000286102295
0.996666669845581
0.9766666889190674
0.9900000095367432
0.95333331823349
0.9733333587646484
0.949999988079071
0.9866666793823242
0.9733333587646484
0.9633333086967468
0.9866666793823242
0.9633333086967468
0.9666666388511658
0.9566666483879089
0.95333331823349
0.9733333587646484
0.95333331823349
0.95333331823349
0.9800000190734863
0.9733333587646484
0.9900000095367432
0.9733333587646484
0.9800000190734863
0.9566666483879089
0.9933333396911621
0.9766666889190674
0.95333331823349
0.9733333587646484
0.9466666579246521
0.9833333492279053
0.9800000190734863
0.949999988079071
0.9733333587646484
0.9599999785423279
0.9733333587646484
0.9666666388511658
0.9833333492279053
0.9766666889190674
0.9666666388511658
0.9633333086967468
0.9766666889190674
0.9733333587646484
0.9700000286102295
0.9633333086967468
0.9833333492279053
0.9300000071525574
0.9700000286102295
0.9733333587646484
0.9300000071525574
0.9700000286102295
0.95333331823349
0.9700000286102295
0.9800000190734863
0.9700000286102295
0.9733333587646484
0.9800000190734863
0.9666666388511658
0.9666666388511658
0.9666666388511658
0.9633333086967468
0.9733333587646484
0.9733333587646484
0.9833333492279053
0.9766666889190674
0.9666666388511658
0.9700000286102295
0.9866666793823242
0.9599999785423279
0.9733333587646484
0.9833333492279053
0.9766666889190674
0.949999988079071
0.9566666483879089
0.9733333587646484
0.9900000095367432
0.996666669845581
0.95333331823349
0.949999988079071
0.9633333086967468
0.95333331823349
0.9700000286102295
0.9800000190734863
0.9566666483879089
0.9666666388511658
0.9666666388511658
0.9599999785423279
0.9733333587646484
0.9900000095367432
0.9800000190734863
0.9866666793823242
0.9666666388511658
0.9833333492279053
0.9900000095367432
0.9800000190734863
0.9733333587646484
0.9566666483879089
0.9833333492279053
0.9766666889190674
0.9433333277702332
0.9833333492279053
0.9766666889190674
0.9833333492279053
0.9700000286102295
0.95333331823349
0.95333331823349
0.9766666889190674
0.9566666483879089
0.9733333587646484
0.9833333492279053
0.9833333492279053
0.9633333086967468
0.9833333492279053
0.9766666889190674
0.9599999785423279
0.9766666889190674
0.9700000286102295
0.9733333587646484
0.9800000190734863
0.9766666889190674
0.9733333587646484
0.9633333086967468
0.9766666889190674
0.9700000286102295
0.9833333492279053
0.9733333587646484
0.95333331823349
0.9933333396911621
0.9833333492279053
0.9599999785423279
0.9666666388511658
0.9766666889190674
0.9766666889190674
0.9866666793823242
0.9866666793823242
0.9766666889190674
0.9900000095367432
0.9733333587646484
0.9733333587646484
0.9633333086967468
0.9666666388511658
0.9733333587646484
0.9833333492279053
0.9900000095367432
0.9866666793823242
0.9666666388511658
0.9766666889190674
0.9733333587646484
0.9800000190734863
0.9700000286102295
0.9700000286102295
0.9666666388511658
0.9466666579246521
0.9633333086967468
0.9700000286102295
0.9800000190734863
0.9900000095367432
0.996666669845581
0.9733333587646484
0.9766666889190674
0.9733333587646484
0.9833333492279053
0.9700000286102295
0.9733333587646484
0.9800000190734863
0.9800000190734863
0.9466666579246521
0.9833333492279053
0.9599999785423279
0.9800000190734863
0.9633333086967468
0.9466666579246521
0.9700000286102295
0.9866666793823242
0.9733333587646484
0.9700000286102295
0.9633333086967468
0.949999988079071
0.949999988079071
0.9833333492279053
0.9900000095367432
0.9599999785423279
0.9866666793823242
0.95333331823349
0.9666666388511658
0.9766666889190674
0.9666666388511658
0.9766666889190674
0.9766666889190674
0.9599999785423279
0.9833333492279053
0.9700000286102295
0.9900000095367432
0.9599999785423279
0.9733333587646484
0.9866666793823242
0.9666666388511658
0.9766666889190674
0.9433333277702332
0.9766666889190674
0.9666666388511658
0.9766666889190674
0.9733333587646484
0.9700000286102295
0.9466666579246521
0.9900000095367432
0.9833333492279053
0.9700000286102295
0.9666666388511658
0.9800000190734863
0.9700000286102295
0.9800000190734863
0.9700000286102295
0.9733333587646484
0.9766666889190674
0.9700000286102295
0.9833333492279053
0.9800000190734863
0.9766666889190674
0.9666666388511658
0.9800000190734863
0.9666666388511658
0.9766666889190674
0.9833333492279053
0.9833333492279053
0.9666666388511658
0.95333331823349
0.9566666483879089
0.9800000190734863
0.9700000286102295
0.9800000190734863
0.9933333396911621
0.9833333492279053
0.9833333492279053
0.9766666889190674
0.9666666388511658
0.9633333086967468
0.9700000286102295
0.9666666388511658
0.9733333587646484
0.9800000190734863
0.9733333587646484
0.9800000190734863
0.9700000286102295
0.9599999785423279
0.9800000190734863
0.949999988079071
0.9933333396911621
0.9800000190734863
0.9733333587646484
0.9700000286102295
0.95333331823349
0.9866666793823242
0.9733333587646484
0.9633333086967468
0.9666666388511658
0.9866666793823242
0.9633333086967468
0.9833333492279053
0.9766666889190674
0.9566666483879089
0.9866666793823242
0.9599999785423279
0.9866666793823242
0.9666666388511658
0.9666666388511658
0.9633333086967468
0.9733333587646484
0.9800000190734863
0.9599999785423279
0.9933333396911621
0.9733333587646484
0.9833333492279053
0.9833333492279053
0.9633333086967468
0.9700000286102295
0.9700000286102295
0.9700000286102295
0.95333331823349
0.9800000190734863
0.9633333086967468
0.9866666793823242
0.9399999976158142
0.9700000286102295
0.9866666793823242
0.9766666889190674
0.9833333492279053
0.9700000286102295
0.9666666388511658
0.9733333587646484
0.9733333587646484
0.9466666579246521
0.9800000190734863
