3.3029251098632812
2.8448474407196045
1.9304636716842651
1.8226908445358276
1.6177287101745605
1.4585785865783691
1.1325129270553589
1.183956265449524
0.9344348311424255
0.970108151435852
1.0014292001724243
1.2364473342895508
1.0488450527191162
1.0230756998062134
0.760775625705719
0.8559834957122803
0.626477062702179
0.7915970087051392
0.8146957159042358
0.6934446096420288
0.5107061862945557
0.7339315414428711
0.8284516334533691
0.6213383078575134
0.720241904258728
0.8110978007316589
0.547467052936554
0.5981225967407227
0.4629214406013489
0.6048716306686401
0.415580153465271
0.49077874422073364
0.4596376121044159
0.4211462438106537
0.4702368676662445
0.43499231338500977
0.5720548629760742
0.46150192618370056
0.714539110660553
0.4964714050292969
0.515593945980072
0.492707759141922
0.3716586232185364
0.47557562589645386
0.34788990020751953
0.3299544155597687
0.47226160764694214
0.36096397042274475
0.39865103363990784
0.5131847858428955
0.5046541690826416
0.37473824620246887
0.376649409532547
0.47014158964157104
0.35658636689186096
0.3948700428009033
0.41859960556030273
0.38711971044540405
0.3005678951740265
0.3623007535934448
0.43852218985557556
0.3248042166233063
0.38553738594055176
0.37687948346138
0.2562611997127533
0.4243719279766083
0.44708123803138733
0.274225115776062
0.3441719114780426
0.215067520737648
0.32796698808670044
0.3360329568386078
0.22388219833374023
0.30990418791770935
0.32234326004981995
0.3401942253112793
0.34294065833091736
0.34719428420066833
0.25060176849365234
0.2491297721862793
0.2655888795852661
0.3552820384502411
0.2367101013660431
0.19118262827396393
0.19317831099033356
0.42345231771469116
0.30179956555366516
0.2101454883813858
0.3041357100009918
0.2822849154472351
0.3063374161720276
0.3681603968143463
0.3928475081920624
0.2516029477119446
0.3306417465209961
0.30683475732803345
0.27301034331321716
0.36289456486701965
0.2738940119743347
0.23755709826946259
0.28140541911125183
0.2546517252922058
0.3903058171272278
0.36951911449432373
0.33183419704437256
0.41915395855903625
0.20956683158874512
0.3271135091781616
0.42904821038246155
0.3610726296901703
0.39625075459480286
0.17450152337551117
0.3071191906929016
0.4028995633125305
0.28437864780426025
0.21958696842193604
0.20175710320472717
0.25999915599823
0.14620980620384216
0.267273873090744
0.27474966645240784
0.18313448131084442
0.23296162486076355
0.35442641377449036
0.24224655330181122
0.2734774649143219
0.2129732221364975
0.15154734253883362
0.23569025099277496
0.398610383272171
0.17894083261489868
0.23922690749168396
0.39197972416877747
0.09842158854007721
0.29827237129211426
0.19266673922538757
0.17688825726509094
0.2677935063838959
0.145464226603508
0.2673787474632263
0.31230536103248596
0.3449171483516693
0.23273172974586487
0.23870791494846344
0.2515081763267517
0.2406061589717865
0.27533668279647827
0.28399741649627686
0.3197299838066101
0.21149994432926178
0.14843381941318512
0.22613726556301117
0.21480797231197357
0.28751635551452637
0.2328358143568039
0.2752651572227478
0.24287904798984528
0.1654270738363266
0.2318684160709381
0.2856898009777069
0.32076653838157654
0.2351291924715042
0.3222343325614929
0.2845771312713623
0.16005197167396545
0.22751754522323608
0.26421743631362915
0.2338820844888687
0.2235807329416275
0.2925057113170624
0.31073054671287537
0.19707071781158447
0.19374439120292664
0.25527891516685486
0.3585899770259857
0.255783349275589
0.17402057349681854
0.3340553641319275
0.164239302277565
0.21084681153297424
0.3024948537349701
0.22615846991539001
0.16268475353717804
0.2172263115644455
0.22415928542613983
0.21833336353302002
0.1196027398109436
0.19260092079639435
0.21991312503814697
0.20704235136508942
0.22904586791992188
0.26769140362739563
0.2703801989555359
0.10448161512613297
0.18161271512508392
0.1789393424987793
0.20033317804336548
0.20201602578163147
0.2494630664587021
0.16635777056217194
0.21964940428733826
0.27076295018196106
0.14506906270980835
0.2191278636455536
0.20246146619319916
0.1823965311050415
0.20511148869991302
0.19031015038490295
0.20836634933948517
0.23195500671863556
0.2358531951904297
0.2529858648777008
0.2670932114124298
0.1989498734474182
0.1304900348186493
0.1963646113872528
0.14656981825828552
0.21614837646484375
0.16028723120689392
0.18738585710525513
0.17539742588996887
0.2241162657737732
0.20166106522083282
0.25131088495254517
0.12535390257835388
0.23549433052539825
0.3125302791595459
0.14325085282325745
0.12442110478878021
0.13737615942955017
0.12789921462535858
0.17080284655094147
0.2664429843425751
0.11658015847206116
0.22204551100730896
0.24671168625354767
0.15851013362407684
0.16085323691368103
0.16526374220848083
0.1893479973077774
0.17214348912239075
0.15634983777999878
0.20444561541080475
0.19641810655593872
0.24770261347293854
0.20160029828548431
0.21889714896678925
0.25904151797294617
0.19768448173999786
0.21317967772483826
0.20802287757396698
0.1583215594291687
0.27158692479133606
0.2336842119693756
0.17704802751541138
0.2517143785953522
0.1881122589111328
0.12910224497318268
0.17550939321517944
0.18413108587265015
0.14388659596443176
0.14116576313972473
0.26688024401664734
0.2946506142616272
0.15733830630779266
0.18798471987247467
0.3648499548435211
0.1988193839788437
0.21312318742275238
0.16905295848846436
0.18860425055027008
0.20363199710845947
0.20238830149173737
0.13597725331783295
0.1445104032754898
0.16212132573127747
0.21123084425926208
0.21531309187412262
0.19944605231285095
0.13107672333717346
0.3312510848045349
0.16832572221755981
0.23206080496311188
0.24964602291584015
0.15052677690982819
0.1840628832578659
0.2409110963344574
0.09554144740104675
0.21064801514148712
0.16025155782699585
0.16376914083957672
0.2859949767589569
0.31697729229927063
0.16696226596832275
0.15960849821567535
0.19081979990005493
0.14476707577705383
0.16186773777008057
0.15592703223228455
0.13000914454460144
0.2904866635799408
0.09644109010696411
0.26260480284690857
0.21554280817508698
0.19335147738456726
0.17793355882167816
0.1478036344051361
0.17988237738609314
0.1489853411912918
0.14961570501327515
0.19056759774684906
0.19172386825084686
0.25215944647789
0.17362767457962036
0.15705901384353638
0.11664505302906036
0.07188001275062561
0.20255732536315918
0.09818042814731598
0.14927822351455688
0.0973224863409996
0.1800420880317688
0.14856384694576263
0.27999410033226013
0.1636633425951004
0.16771988570690155
0.15666420757770538
0.11603661626577377
0.1907350867986679
0.15575498342514038
0.14924778044223785
0.11289169639348984
0.24529317021369934
0.191866934299469
0.16317912936210632
0.15278664231300354
0.19106312096118927
0.1007474958896637
0.20973867177963257
0.1789485216140747
0.17204000055789948
0.1467130482196808
0.21972937881946564
0.2076006978750229
0.13630610704421997
0.1268688589334488
0.16566824913024902
0.09381785243749619
0.17620518803596497
0.060215480625629425
0.19052033126354218
0.14110468327999115
0.2490059733390808
0.12322703003883362
0.13459418714046478
0.08759217709302902
0.21497686207294464
0.20847107470035553
0.17791533470153809
0.10115177184343338
0.1998472958803177
0.2410121113061905
0.17323817312717438
0.13169577717781067
0.1047305092215538
0.11779956519603729
0.1779278814792633
0.10460812598466873
0.11891147494316101
0.12013726681470871
0.13985706865787506
0.26875534653663635
0.10225328058004379
0.0842084139585495
0.16088253259658813
0.12467624992132187
0.13274142146110535
0.26410672068595886
0.15711063146591187
0.1137739047408104
0.1088934987783432
0.12166497856378555
0.09526000916957855
0.1482260823249817
0.2559143304824829
0.15876206755638123
0.12991805374622345
0.2197919487953186
0.12252989411354065
0.11480238288640976
0.12886306643486023
0.1596500277519226
0.1122051402926445
0.11889252066612244
0.19154484570026398
0.15379710495471954
0.15098096430301666
0.13777031004428864
0.13881263136863708
0.08078600466251373
0.14442896842956543
0.08733835816383362
0.20520637929439545
0.11895480006933212
0.10662729293107986
0.24512547254562378
0.21825866401195526
0.12169031798839569
0.17601265013217926
0.14621172845363617
0.14765974879264832
0.08854310214519501
0.11055576056241989
0.15541143715381622
0.10043253749608994
0.10601586848497391
0.1679055243730545
0.22320614755153656
0.1841459423303604
0.1347769945859909
0.16002720594406128
0.17197901010513306
0.1275537610054016
0.0870409607887268
0.17230373620986938
0.17195050418376923
0.1631164848804474
0.09909553825855255
0.13788029551506042
0.0786675363779068
0.09990567713975906
0.19800564646720886
0.12603625655174255
0.13020798563957214
0.1068505197763443
0.19923308491706848
0.1773926466703415
0.1047685444355011
0.13908463716506958
0.10195402801036835
0.22726713120937347
0.17295192182064056
0.14676803350448608
0.15487784147262573
0.10836678743362427
0.12399867922067642
0.20514154434204102
0.10088323801755905
0.10257779806852341
0.12803009152412415
0.17072264850139618
0.1868162900209427
0.18035933375358582
0.1412520557641983
0.1139974594116211
0.17967438697814941
0.1904151439666748
0.12108898162841797
0.06768956780433655
0.2359563708305359
0.08729568123817444
0.1750744879245758
0.11487190425395966
0.07729709893465042
0.13521598279476166
0.10900324583053589
0.23581857979297638
0.20966994762420654
0.1319102793931961
0.1369016319513321
0.1577935665845871
0.13455963134765625
0.17446044087409973
0.16687025129795074
0.12465791404247284
0.11857225745916367
0.10549265891313553
0.15274490416049957
0.0990220233798027
0.12694726884365082
0.14813242852687836
0.1306508183479309
0.1393280327320099
0.16534794867038727
0.13530951738357544
0.09703430533409119
0.204838365316391
0.16247589886188507
0.27509066462516785
0.05288960039615631
0.1279807686805725
0.12078674137592316
0.12183953821659088
0.1649586409330368
0.05398061126470566
0.06889863312244415
0.09806185960769653
0.1826828569173813
0.2036174088716507
0.1424126774072647
0.12499711662530899
0.3070269823074341
0.18268781900405884
0.13249285519123077
0.20913685858249664
0.11878287047147751
0.14558878540992737
0.17394345998764038
0.1297282725572586
0.2772224545478821
0.20286032557487488
0.11182831972837448
0.19729849696159363
0.15392406284809113
0.09432359039783478
0.17309528589248657
0.14129039645195007
0.156379833817482
0.11204109340906143
0.09075655043125153
0.11096173524856567
0.15203292667865753
0.13066868484020233
0.11041909456253052
0.13848349452018738
0.14627398550510406
0.13641391694545746
0.10953757911920547
0.10248227417469025
0.23673222959041595
0.14214596152305603
0.15099555253982544
0.16499924659729004
0.2534615695476532
0.09550071507692337
0.19626197218894958
0.08389413356781006
0.17747917771339417
0.19173608720302582
0.05389389768242836
0.08230825513601303
0.15846331417560577
0.09534825384616852
0.09462566673755646
0.2059885412454605
0.08731723576784134
0.08158352226018906
0.15683317184448242
0.07697239518165588
0.11612247675657272
0.1519942730665207
0.06106729432940483
0.21289277076721191
0.1587895154953003
0.09562890976667404
0.0860283225774765
0.17200426757335663
0.09572921693325043
0.08676093816757202
0.057685043662786484
0.0980052798986435
0.15317675471305847
0.2234952747821808
0.182342067360878
0.08952692896127701
0.07852540165185928
0.16967006027698517
0.0899486318230629
0.09933486580848694
0.11035026609897614
0.08521905541419983
0.19326278567314148
0.11507878452539444
0.0561424121260643
0.08830618858337402
0.2014690339565277
0.11891622841358185
0.1651853621006012
0.0685083195567131
0.16403932869434357
0.11628280580043793
0.11755838990211487
0.06373823434114456
0.20431382954120636
0.09651840478181839
0.2170991450548172
0.07902312278747559
0.12320070713758469
0.11227188259363174
0.17055541276931763
0.11371761560440063
0.1168404370546341
0.08043216168880463
0.09512293338775635
0.1361485868692398
0.1418747901916504
0.15273836255073547
0.1173018291592598
0.17541007697582245
0.06227663531899452
0.09097152203321457
0.1777908056974411
0.09837207943201065
0.10446285456418991
0.18133340775966644
0.15146949887275696
0.13411232829093933
0.13239414989948273
0.12520192563533783
0.05660022050142288
0.07629502564668655
0.08901121467351913
0.135543093085289
0.12598207592964172
0.12459337711334229
0.22856074571609497
0.08804018795490265
0.13376572728157043
0.12033253908157349
0.1629508137702942
0.08562132716178894
0.0825134739279747
0.17734339833259583
0.10821045935153961
0.18262845277786255
0.08750411123037338
0.11076851934194565
0.08906678855419159
0.13365349173545837
0.16163654625415802
0.06325875967741013
0.1380312144756317
0.10574480146169662
0.10413539409637451
0.0805128663778305
0.1125481128692627
0.10297773778438568
0.078802689909935
0.15503114461898804
0.11166928708553314
0.13041670620441437
0.19352178275585175
0.053698088973760605
0.11371032893657684
0.11865504086017609
0.06607408076524734
0.11032597720623016
0.09055343270301819
0.12659597396850586
0.1198653131723404
0.07763645797967911
0.15988370776176453
0.08849368989467621
0.1194029375910759
0.10640663653612137
0.060766320675611496
0.1589658558368683
0.12579891085624695
0.11308000981807709
0.10006942600011826
0.1038244217634201
0.13089394569396973
0.08510489016771317
0.17981621623039246
0.15044520795345306
0.08491969853639603
0.23132194578647614
0.2125290185213089
0.07259880006313324
0.08758331835269928
0.139764666557312
0.06886500120162964
0.10395119339227676
0.0993727594614029
0.1329330950975418
0.06349443644285202
0.07455247640609741
0.17468397319316864
0.08840920031070709
0.14152027666568756
0.08053302019834518
0.09157567471265793
0.17626488208770752
0.1195717379450798
0.09939122945070267
0.11476276069879532
0.1086050271987915
0.0756579041481018
0.09976693987846375
0.12361510097980499
0.08447881042957306
0.10496404021978378
0.06934631615877151
0.06827563792467117
0.1218474730849266
0.09701520204544067
0.070266954600811
0.09388871490955353
0.21122188866138458
0.1660483330488205
0.20369532704353333
0.1629333198070526
0.10151205956935883
0.10522670298814774
0.05375923216342926
0.10191606730222702
0.06622274965047836
0.09988951683044434
0.10027065128087997
0.09435949474573135
0.2737469971179962
0.16895653307437897
0.06211213394999504
0.12844796478748322
0.0424947626888752
0.12751801311969757
0.21292656660079956
0.17608369886875153
0.2054462879896164
0.08554224669933319
0.16168436408042908
0.10548138618469238
0.03870715573430061
0.09566737711429596
0.11781328916549683
0.2213485985994339
0.12949562072753906
0.10869496315717697
0.053248081356287
0.13314445316791534
0.10415901988744736
0.07438573241233826
0.08489727973937988
0.07580988109111786
0.09217342734336853
0.1372194141149521
0.1363658308982849
0.11292828619480133
0.12030085176229477
0.10828272253274918
0.1011573076248169
0.1382889747619629
0.153038889169693
0.0694182738661766
0.06967529654502869
0.08275127410888672
0.08202288299798965
0.20368753373622894
0.06052594631910324
0.07367945462465286
0.05064671114087105
0.1394546627998352
0.14471353590488434
0.03542104735970497
0.1197807714343071
0.07583770900964737
0.07768866419792175
0.0488089993596077
0.09697062522172928
0.06299610435962677
0.057189103215932846
0.13101452589035034
0.16450123488903046
0.07177199423313141
0.12202901393175125
0.11561393737792969
0.14034198224544525
0.03616775572299957
0.19419270753860474
0.20477554202079773
0.09747984260320663
0.208870992064476
0.18098680675029755
0.041336167603731155
0.13349442183971405
0.09231974929571152
0.09299317747354507
0.14163744449615479
0.13187502324581146
0.10886865109205246
0.1278858780860901
0.09824390709400177
0.09882844239473343
0.2211626172065735
0.13151809573173523
0.12585636973381042
0.14402180910110474
0.10859370231628418
0.0756661519408226
0.08243861794471741
0.1086798831820488
0.08064641803503036
0.14575771987438202
0.09900514036417007
0.12791526317596436
0.07619097828865051
0.15052708983421326
0.12613242864608765
0.10034329444169998
0.14668764173984528
0.08533897250890732
0.10099808871746063
0.07727263122797012
0.07791278511285782
0.10749001801013947
0.1117398589849472
0.06984438747167587
0.11898334324359894
0.09854700416326523
0.3025614023208618
0.0440618172287941
0.10154617577791214
0.13448572158813477
0.09650874137878418
0.12844352424144745
0.037297897040843964
0.20795047283172607
0.12509413063526154
0.11912696808576584
0.11192978918552399
0.07980789989233017
0.10660131275653839
0.060408707708120346
0.055519137531518936
0.06676790863275528
0.11471818387508392
0.0653735101222992
0.10968048125505447
0.03859451785683632
0.14098496735095978
0.11433007568120956
0.10515027493238449
0.1159982904791832
0.09020912647247314
0.07118488103151321
0.056448910385370255
0.10372859239578247
0.130509614944458
0.10497258603572845
0.267506867647171
0.09787525981664658
0.0950971320271492
0.06962652504444122
0.09374792873859406
0.21615557372570038
0.10230937600135803
0.13513898849487305
0.17115430533885956
0.09136852622032166
0.11162999272346497
0.11397338658571243
0.14938749372959137
0.1532999873161316
0.13498865067958832
0.13373444974422455
0.07801554352045059
0.08363301306962967
0.08649042993783951
0.14416705071926117
0.10916970670223236
0.10908035188913345
0.16912898421287537
0.08212146162986755
0.09049499779939651
0.14482592046260834
0.1000872403383255
0.06998341530561447
0.07588180154561996
0.08702222257852554
0.19216758012771606
0.09585796296596527
0.05107929930090904
0.1587117314338684
0.0780615583062172
0.11060493439435959
0.13072243332862854
0.08433273434638977
0.13420724868774414
0.038983941078186035
0.08267152309417725
0.08675704896450043
0.05297797918319702
0.12887226045131683
0.04431521147489548
0.11218729615211487
0.08951771259307861
0.16615623235702515
0.08679981529712677
0.07406110316514969
0.05984305590391159
0.11620890349149704
0.18649376928806305
0.11736934632062912
0.1510828286409378
0.06787589192390442
0.1285642683506012
0.16932764649391174
0.10349985957145691
0.10626578330993652
0.09520923346281052
0.08213701844215393
0.058000512421131134
0.09202789515256882
0.17711028456687927
0.07114176452159882
0.09703843295574188
0.10068388283252716
0.12041860073804855
0.08565803617238998
0.026425283402204514
0.05369341000914574
0.0660460814833641
0.11515440791845322
0.0838194414973259
0.11194421350955963
0.06056519225239754
0.1149279773235321
0.15741808712482452
0.06188458576798439
0.118036650121212
0.10555311292409897
0.07969558238983154
0.14246000349521637
0.07054182142019272
0.16851457953453064
0.10437162220478058
0.06265165656805038
0.05545028671622276
0.06651866436004639
0.06444419920444489
0.07307492941617966
0.17029064893722534
0.03334864601492882
0.12295282632112503
0.17797346413135529
0.07824788242578506
0.1529475748538971
0.06119712069630623
0.06482525169849396
0.18850259482860565
0.07482914626598358
0.13624775409698486
0.09946023672819138
0.09132164716720581
0.06360358744859695
0.09929189085960388
0.07370351999998093
0.1692449152469635
0.14390750229358673
0.09000339359045029
0.0959763154387474
0.10921952873468399
0.0679120272397995
0.16727255284786224
0.09859051555395126
0.06329850107431412
0.16782508790493011
0.07978544384241104
0.1189039871096611
0.12632794678211212
0.07992811501026154
0.06314647942781448
0.19400708377361298
0.08139385282993317
0.12027043849229813
0.10281786322593689
0.0840400904417038
0.10898498445749283
0.1467338502407074
0.09915609657764435
0.05941207334399223
0.09550595283508301
0.09459701925516129
0.08271482586860657
0.061361368745565414
0.09259446710348129
0.08137450367212296
0.07009731978178024
0.12445872277021408
0.22580909729003906
0.11178779602050781
0.07600656151771545
0.03594120964407921
0.024546075612306595
0.15370339155197144
0.17788448929786682
0.14303800463676453
0.12885352969169617
0.0793771892786026
0.07848826795816422
0.10198692977428436
0.138297438621521
0.10826952755451202
0.10307829082012177
0.10585881024599075
0.035957928746938705
0.05808344483375549
0.0682254210114479
0.0863887369632721
0.049243852496147156
0.04440045729279518
0.06932376325130463
0.0993451327085495
0.11984036862850189
0.05598870664834976
0.08329763263463974
0.11919558048248291
0.07841212302446365
0.06343405693769455
0.12919408082962036
0.09959118068218231
0.1402793824672699
0.12849801778793335
0.04650036618113518
0.1160406619310379
0.09214949607849121
0.058575864881277084
0.04842611774802208
0.13889700174331665
0.0421966016292572
0.07458765804767609
0.11174079775810242
0.07338747382164001
0.06865441054105759
0.07836585491895676
0.06202166900038719
0.05348244309425354
0.1007113829255104
0.10145344585180283
0.11968409270048141
0.09750983864068985
0.061589837074279785
0.10979006439447403
0.14416742324829102
0.02544606290757656
0.06285541504621506
0.0928637832403183
0.07308413833379745
0.08288419991731644
0.09226571023464203
0.04198312386870384
0.06441191583871841
0.06930296123027802
0.04365314915776253
0.10304782539606094
0.11279404908418655
0.14092330634593964
0.11127300560474396
0.08321454375982285
0.12825137376785278
0.03116799332201481
0.031085284426808357
0.08722151070833206
0.10954797267913818
0.10714052617549896
0.05417660251259804
0.07792408764362335
0.06560608744621277
0.1283157616853714
0.11641993373632431
0.13086436688899994
0.1167081817984581
0.10199124366044998
0.035846199840307236
0.023081820458173752
0.11365064978599548
0.07453940063714981
0.051793038845062256
0.0571397989988327
0.08801976591348648
0.07921076565980911
0.05612602084875107
0.0740700513124466
0.13626743853092194
0.0538007989525795
0.08625984936952591
0.05901665985584259
0.10748818516731262
0.12886466085910797
0.11931490898132324
0.03306335583329201
0.08230240643024445
0.06906768679618835
0.10445753484964371
0.1444934904575348
0.16810204088687897
0.07853949815034866
0.07695163786411285
0.09607142955064774
0.038293421268463135
0.13350293040275574
0.10048352926969528
0.06455027312040329
0.12607017159461975
0.07629453390836716
0.05851330980658531
0.09884534031152725
0.06949722021818161
0.09869959205389023
0.04858728498220444
0.12221463769674301
0.12319174408912659
0.03934807702898979
0.07468372583389282
0.07826993614435196
0.20983931422233582
0.052417926490306854
0.11139509826898575
0.07869473844766617
0.09864915162324905
0.0902344137430191
0.13985057175159454
0.04311489686369896
0.12075959891080856
0.11075286567211151
0.10359340906143188
0.08664032071828842
0.060784365981817245
0.060035012662410736
0.09462275356054306
0.07937739789485931
0.1190081387758255
0.11057770997285843
0.05334360897541046
0.0654694065451622
0.07763791084289551
0.10503929108381271
0.07187597453594208
0.09577901661396027
0.07006300240755081
0.037892721593379974
0.05155101791024208
0.07604911923408508
0.18414302170276642
0.1642250269651413
0.07562772184610367
0.07844055444002151
0.07424649596214294
0.04929851368069649
0.05121403560042381
0.043807439506053925
0.036376990377902985
0.09131280332803726
0.0863153487443924
0.0864638090133667
0.1337612271308899
0.08101697266101837
0.05733827129006386
0.11218935996294022
0.06610720604658127
0.07967353612184525
0.09536769986152649
0.06180882826447487
0.15622127056121826
0.021358322352170944
0.09825032204389572
0.051633886992931366
0.13070309162139893
0.13444681465625763
0.05975739657878876
0.08057001233100891
0.11639630794525146
0.06935171782970428
0.08009100705385208
0.14483453333377838
0.04331142082810402
0.08779364079236984
0.08187942206859589
0.049294013530015945
0.0925847664475441
0.040237907320261
0.14756491780281067
0.07883242517709732
0.11794838309288025
0.07855122536420822
0.11303498595952988
0.13130472600460052
0.03765007480978966
0.08994770795106888
0.05343367159366608
0.19127637147903442
0.08991096913814545
0.09386172890663147
0.09012182056903839
0.10309693962335587
0.1269887089729309
0.05314677953720093
0.09472227841615677
0.05047842487692833
0.19356878101825714
0.08102547377347946
0.0556296668946743
0.0680098906159401
0.06416898965835571
0.17574238777160645
0.1026986837387085
0.07139862328767776
0.08484751731157303
0.10562476515769958
0.050547197461128235
